lakeDistrict/cenrtalDEM.asc
ncols 800
nrows 600
xllcorner 310000.0
yllcorner 500000.0
cellsize 50.0
nodata_value -32766.0
[rows 68 to 101 of 600, columns 231 to 307 of 800]
361.7 348.7 332.5 301.9 272.1 227.7 186.2 151.4 117.8 96.5 107.7 117.1 109.2 93.1 82.4 75.9 72.8 72.7 70.1 68.7 68.7 68.7 68.7 68.3 68.7 68.7 68.7 68.7 68.9 69.5 69.8 69.5 69.4 70.0 69.8 69.8 70.2 70.2 70.3 70.3 70.3 70.4 70.2 70.9 70.5 70.2 70.0 70.3 71.3 71.5 72.5 76.4 83.4 89.9 95.3 101.7 109.3 123.3 142.2 156.8 165.0 175.6 180.5 173.4 172.6 172.6 187.2 202.5 205.7 213.2 219.0 230.2 251.6 263.2 267.1 271.6 273.3
321.3 303.7 301.3 286.0 264.1 229.9 186.9 150.5 118.7 96.6 99.5 104.8 99.2 89.5 83.2 78.2 74.1 73.5 70.6 70.6 69.0 68.7 68.3 69.6 69.2 69.6 68.7 69.5 69.6 69.9 70.0 69.8 69.5 68.0 69.7 69.8 70.1 70.2 70.2 70.2 70.2 70.4 69.9 70.6 70.4 70.2 70.1 70.1 70.8 70.7 71.0 72.2 77.5 80.9 84.5 88.0 92.7 101.2 117.0 129.8 139.2 145.5 144.7 146.3 149.7 161.0 179.5 186.2 192.3 201.0 205.6 228.2 235.3 241.3 242.7 245.6 244.3
270.8 262.2 259.1 258.8 239.2 218.0 176.7 141.0 113.5 98.2 97.9 96.8 92.7 87.7 83.2 78.8 74.8 74.1 70.4 69.9 69.7 69.3 69.4 70.1 67.8 69.6 69.9 69.9 69.7 69.9 70.0 70.1 70.2 70.0 69.8 70.1 70.0 69.9 70.0 70.1 70.2 70.4 70.7 70.4 70.2 70.4 70.3 70.3 70.3 70.5 70.7 70.9 73.6 75.8 78.6 81.0 83.6 87.8 92.3 99.3 111.1 116.3 120.4 123.2 132.5 147.0 160.7 174.2 179.6 185.2 188.5 200.7 210.1 213.4 217.3 219.3 217.5
237.8 225.9 216.2 205.9 198.3 180.3 153.8 125.7 106.8 100.4 98.1 96.9 91.2 87.8 83.1 76.9 73.8 73.1 70.7 70.1 69.9 70.0 70.0 69.9 69.9 70.0 69.9 69.9 69.9 70.0 70.1 70.2 70.2 70.1 69.9 69.9 69.8 69.8 69.9 70.0 70.1 70.4 70.7 68.4 70.7 70.3 70.4 70.4 70.3 70.3 70.4 70.5 71.0 72.5 74.3 75.8 77.6 79.2 82.5 85.3 90.8 97.0 103.5 109.2 117.9 127.8 142.6 155.6 163.0 160.0 167.0 175.4 181.2 186.0 190.0 190.9 188.3
221.8 204.7 185.0 170.2 162.6 149.8 131.0 116.6 108.4 102.7 98.3 93.6 88.9 86.0 81.3 77.3 74.3 71.2 71.3 70.3 70.1 70.1 70.1 70.2 70.2 70.0 70.0 70.0 69.9 70.1 70.2 70.2 70.3 70.3 70.0 69.9 69.7 69.7 70.0 70.1 70.1 70.3 70.4 70.8 71.2 70.9 68.4 70.6 70.6 70.4 70.0 70.2 70.5 71.2 71.2 71.7 73.0 74.5 77.6 81.6 85.9 90.9 95.9 100.0 104.0 111.6 123.4 132.4 134.4 138.5 145.9 155.0 159.1 160.2 158.6 160.4 161.6
231.9 215.9 196.8 175.5 155.1 137.0 122.3 116.7 109.0 103.3 98.7 92.3 88.1 84.6 81.1 78.1 75.0 72.0 71.9 70.3 70.1 70.1 70.2 70.2 70.2 67.8 69.9 70.0 70.0 70.1 70.3 70.2 70.2 70.3 70.0 70.3 69.1 69.7 69.9 70.0 70.0 70.1 70.4 70.7 70.7 70.5 70.8 68.8 70.6 70.7 70.5 70.4 70.4 70.5 70.7 71.1 71.4 72.5 75.0 79.4 83.4 87.3 91.1 92.3 94.6 100.0 104.1 108.7 115.5 121.8 129.6 134.9 137.0 137.7 139.0 143.2 144.6
255.8 234.7 215.6 195.2 173.5 150.5 137.0 123.9 110.1 101.9 96.5 91.7 88.5 84.9 80.8 76.9 73.9 71.7 73.9 70.5 70.0 70.2 70.1 69.9 69.8 69.5 68.1 69.9 70.1 70.2 70.3 70.3 70.2 70.1 70.1 70.2 70.1 69.1 69.7 69.8 69.9 70.1 70.3 70.6 70.4 70.7 70.8 71.0 71.2 69.0 71.0 70.9 70.7 70.5 70.4 70.5 70.6 71.1 73.1 76.4 80.3 83.2 86.0 86.7 89.2 93.2 95.2 96.5 103.2 107.3 113.1 113.0 113.0 119.8 124.6 126.7 129.6
285.7 262.4 238.6 214.3 189.4 173.4 160.9 142.5 119.0 103.8 99.4 94.4 90.9 84.9 80.6 76.4 73.3 71.5 73.2 70.8 70.2 70.1 70.1 69.9 69.9 70.0 69.9 69.8 70.1 70.3 70.4 70.3 70.2 70.2 70.2 70.2 70.3 70.2 69.6 69.9 69.9 70.0 70.2 70.3 70.5 70.6 70.8 71.0 71.1 71.3 71.4 69.1 70.9 70.7 70.7 70.6 70.4 70.9 72.2 73.7 76.6 79.8 81.7 82.5 82.7 87.3 86.8 91.2 95.2 98.1 100.8 103.1 110.0 109.2 112.2 115.2 118.4
311.9 288.4 255.5 229.2 213.1 201.3 184.9 163.7 133.4 112.0 102.7 95.8 90.8 86.2 81.3 76.5 72.8 71.7 70.4 70.9 70.8 70.7 70.1 69.6 70.6 70.3 69.6 69.8 70.0 70.3 70.4 70.4 70.3 70.2 70.3 70.3 70.3 70.1 70.1 70.1 69.9 70.0 70.1 70.3 70.5 70.6 70.8 71.0 71.1 71.2 71.4 71.3 69.0 70.9 70.8 70.8 70.5 70.6 71.6 73.6 75.8 77.2 78.0 78.5 78.4 78.9 81.3 87.4 90.6 93.4 96.2 98.6 100.7 103.6 105.4 108.1 110.4
320.0 294.6 275.5 259.1 242.7 225.2 206.3 183.2 148.6 124.2 110.1 98.9 92.3 88.0 82.7 77.4 73.8 72.1 71.8 70.8 70.5 70.3 69.7 69.8 70.0 69.8 69.6 69.8 70.1 70.1 70.3 70.4 70.3 70.3 70.3 70.3 70.2 70.1 70.2 70.3 70.1 69.9 70.0 70.2 70.4 70.6 70.8 70.9 71.1 71.2 71.3 71.2 72.5 72.0 69.0 70.9 70.7 70.7 71.1 71.9 75.4 78.5 76.9 75.6 75.5 76.1 78.1 82.6 87.5 90.2 92.3 94.6 97.3 100.0 101.6 103.2 104.0
334.2 312.2 297.4 283.5 265.8 246.4 226.9 201.4 166.1 138.0 122.6 107.8 95.2 88.7 83.3 79.2 75.0 73.4 73.2 72.8 70.6 70.1 70.1 70.1 70.1 70.1 69.8 69.8 70.1 70.2 70.1 70.2 70.3 70.3 70.4 70.3 70.1 70.2 70.3 70.1 70.1 69.9 70.0 70.1 70.3 70.5 70.7 70.8 71.0 71.1 71.3 71.6 74.5 76.5 73.8 69.0 71.3 71.1 71.1 71.3 71.6 74.8 75.2 73.7 74.4 75.6 77.5 78.8 81.6 82.2 84.9 90.9 94.6 96.2 97.9 98.9 100.1
347.5 332.4 318.8 301.5 284.5 266.9 244.1 217.8 182.9 157.1 139.6 125.3 104.1 91.0 84.3 79.9 74.9 75.0 73.8 72.3 70.9 70.6 70.4 70.2 70.2 70.2 70.0 69.8 69.4 69.9 69.9 70.1 70.2 70.3 70.3 70.3 70.2 70.2 69.5 70.1 70.1 70.0 70.1 70.2 70.2 70.4 70.5 70.7 70.9 71.0 71.2 71.5 71.6 73.9 74.7 71.7 71.4 71.5 71.2 71.2 71.1 71.9 72.6 73.4 74.3 75.9 77.2 78.9 80.7 82.3 84.0 87.5 90.5 91.6 93.5 96.1 98.8
365.8 350.0 336.3 318.0 303.4 289.8 264.6 231.5 200.4 178.4 160.2 144.3 124.1 100.7 87.0 80.0 78.4 76.3 74.7 73.3 71.2 70.8 70.5 70.6 70.4 70.3 70.2 69.9 70.0 70.0 70.2 68.5 69.9 70.2 70.3 70.3 70.2 70.1 70.1 70.1 70.1 70.1 70.2 70.3 70.3 70.4 70.5 70.6 70.8 71.0 71.2 71.4 71.5 71.6 72.0 69.0 71.6 71.7 72.0 71.4 71.7 71.9 72.1 73.0 74.3 75.8 77.0 78.9 80.4 82.3 84.0 86.0 88.2 90.4 92.5 94.7 97.4
383.4 367.6 354.7 338.5 320.9 305.4 281.0 247.0 221.9 198.4 180.9 164.7 141.8 112.5 88.1 81.9 79.5 77.3 75.3 73.6 72.4 70.8 70.7 70.8 70.8 70.5 70.4 70.4 70.5 70.4 70.2 70.8 70.3 69.0 69.8 70.4 70.3 70.2 70.1 70.1 70.1 70.1 70.3 70.4 70.5 70.6 70.4 70.6 70.8 71.0 71.3 71.5 71.6 71.7 71.7 71.7 71.5 71.4 71.8 72.1 72.2 72.1 72.3 73.0 74.1 74.9 76.0 80.0 81.6 82.2 83.6 85.5 87.4 89.6 91.7 93.9 94.8
395.2 380.7 367.2 352.8 337.2 316.5 295.6 269.0 243.0 217.2 198.9 181.9 157.9 123.7 93.5 82.5 81.4 78.9 75.7 71.4 71.7 71.8 71.9 72.0 71.9 71.5 71.0 70.6 70.5 70.3 70.4 71.0 70.2 70.4 69.5 70.5 70.5 70.2 70.2 70.2 70.2 70.2 70.3 70.4 70.6 70.7 70.4 70.6 70.8 71.1 71.4 71.6 71.6 71.7 71.7 71.6 69.0 71.3 71.5 71.8 72.1 72.5 72.7 74.1 75.2 74.3 74.6 76.5 80.2 82.8 84.0 85.2 86.2 88.3 90.6 92.2 93.1
405.8 390.2 375.2 360.0 347.3 329.7 307.9 281.6 253.4 229.1 214.3 197.5 170.9 133.5 100.8 85.9 80.5 80.3 79.3 74.6 73.6 72.3 73.5 73.4 73.0 72.5 71.8 71.2 71.1 70.9 70.6 71.7 70.6 69.2 70.7 68.9 70.1 69.6 70.3 70.3 70.3 70.3 70.3 70.5 70.7 70.5 70.2 70.7 70.9 71.1 71.4 71.4 71.4 71.6 71.8 71.9 69.0 71.4 71.1 72.0 71.9 71.8 72.3 74.7 78.2 78.8 77.3 75.9 76.3 79.5 82.6 84.8 85.7 87.7 89.6 90.9 90.9
412.9 399.2 382.5 369.7 354.2 334.6 312.7 289.1 263.3 243.9 232.2 214.9 185.0 146.3 109.2 85.3 83.4 85.0 82.9 77.8 75.5 75.3 74.8 74.3 74.0 73.3 72.6 71.9 71.7 71.6 71.1 71.7 70.8 70.3 70.8 69.9 70.3 70.1 70.1 69.3 70.4 70.4 70.3 70.3 70.4 70.2 70.1 70.8 71.0 71.0 71.4 71.1 71.3 71.6 71.8 71.9 71.7 71.8 71.8 72.0 72.3 71.9 72.4 72.7 74.8 77.5 79.8 78.6 77.5 78.8 81.1 83.5 84.2 86.1 86.8 87.8 89.3
418.3 403.6 390.2 374.6 353.6 335.3 315.1 293.9 271.8 259.3 246.4 227.5 194.4 164.3 114.9 89.9 84.7 89.6 96.0 86.7 78.1 76.8 72.4 75.6 74.9 74.2 73.4 72.7 72.4 72.7 72.3 71.2 70.9 70.4 70.9 70.3 69.9 69.9 70.0 70.1 70.2 70.2 70.1 70.4 70.4 70.5 70.5 70.4 70.7 70.8 71.3 71.2 71.4 71.7 71.8 71.8 71.5 71.1 71.7 72.0 72.3 72.0 72.5 72.6 73.2 74.5 77.9 77.4 77.7 79.8 81.2 82.0 82.3 83.5 84.9 86.0 87.1
423.4 407.7 393.1 375.1 357.3 338.9 318.8 299.6 283.2 274.4 258.7 234.9 196.7 153.8 119.1 95.2 85.9 94.7 93.1 87.1 80.4 78.5 76.4 77.0 75.8 75.1 74.4 73.7 73.5 73.9 72.5 71.2 70.9 70.5 69.0 69.2 70.5 68.7 70.0 70.1 70.1 70.2 69.6 70.4 70.6 70.6 70.8 71.1 71.2 71.1 71.1 71.3 71.4 71.7 71.7 71.5 71.3 70.1 72.0 71.8 70.7 71.4 72.7 73.3 73.7 75.1 75.7 76.6 77.7 78.2 79.3 79.1 80.2 81.9 83.2 84.0 85.0
426.0 409.7 394.9 377.8 359.0 341.2 322.9 307.8 296.6 285.8 267.9 239.1 194.6 154.8 119.2 98.0 87.1 91.2 91.2 86.1 81.6 80.0 78.0 72.4 76.6 75.9 75.2 74.8 73.7 73.0 72.5 71.5 70.9 70.5 69.8 69.2 70.6 70.5 70.0 70.0 70.1 70.5 70.2 69.0 69.7 70.2 70.8 71.1 71.3 71.3 71.3 71.4 71.5 71.6 71.6 71.8 71.8 69.0 71.6 72.4 71.3 72.4 72.3 72.5 74.9 76.1 74.7 74.6 75.5 76.4 77.1 78.3 79.5 80.5 81.6 82.4 83.3
423.3 409.5 393.3 376.4 362.1 343.5 329.0 314.1 300.4 286.0 269.9 235.1 189.8 149.1 116.9 97.8 89.1 89.8 90.0 86.3 82.6 81.3 79.0 75.7 77.1 76.6 75.9 74.4 73.4 72.9 72.4 71.7 70.9 70.5 69.2 70.5 69.7 70.6 70.5 70.0 70.7 70.6 70.2 70.3 70.3 70.0 70.9 71.1 71.3 71.4 71.4 71.5 71.6 71.6 71.6 71.8 72.1 69.0 71.5 72.2 71.4 72.3 72.5 72.7 74.7 76.5 78.0 79.2 77.5 75.3 76.4 77.2 78.2 79.3 80.0 80.8 81.6
420.0 405.5 396.2 381.8 361.5 346.4 332.5 312.7 291.9 270.5 243.8 212.7 176.1 141.1 110.2 94.8 90.7 90.1 90.1 87.1 83.0 81.3 80.0 79.1 74.6 75.7 75.5 74.7 73.8 73.1 72.5 72.1 70.9 70.6 70.3 70.3 70.6 70.9 70.6 70.6 70.9 70.2 70.3 70.3 68.8 70.6 71.0 71.1 71.3 71.4 71.5 71.5 71.5 71.5 71.6 71.8 71.8 71.6 69.0 72.2 72.7 72.4 72.2 72.3 73.5 75.4 76.7 78.2 81.2 82.8 79.2 77.5 77.2 78.0 78.6 79.2 80.2
417.0 407.1 394.6 375.8 364.0 345.1 325.9 301.2 277.4 250.2 220.7 190.5 160.5 132.4 105.6 94.6 90.7 88.3 87.2 85.2 82.7 82.2 81.3 79.2 75.4 76.5 76.0 75.0 74.2 73.4 72.2 71.5 70.8 70.5 70.9 70.8 70.6 70.8 71.1 69.2 70.9 70.6 70.5 70.7 70.8 71.0 71.2 71.2 71.3 71.4 71.5 71.5 71.5 71.5 71.6 71.7 71.7 71.8 71.9 69.0 72.6 72.6 72.5 72.3 72.4 72.3 73.5 74.5 77.1 81.0 84.3 82.3 79.2 76.7 77.4 77.7 78.7
412.0 398.8 381.0 362.7 351.0 334.5 313.4 291.1 269.2 235.4 206.9 179.3 151.8 127.0 107.8 94.8 91.4 88.9 88.1 86.2 83.5 81.4 80.4 78.4 77.2 75.0 75.4 74.5 73.9 73.1 72.1 71.5 70.9 70.6 70.6 70.6 70.5 69.9 71.0 71.0 71.3 70.8 71.2 70.9 71.0 71.2 71.4 71.4 71.4 71.3 71.4 71.4 71.5 71.5 71.6 71.7 71.8 71.9 72.0 72.3 69.6 72.7 72.7 72.6 72.1 72.2 72.3 72.2 72.7 75.8 79.5 86.5 85.2 80.4 76.2 76.2 76.7
396.2 382.1 364.2 344.2 324.3 306.0 290.6 276.2 262.5 235.4 209.2 182.4 162.3 135.2 109.9 97.5 93.1 87.9 87.2 83.0 81.1 80.3 80.3 79.1 78.0 74.7 76.0 74.6 73.5 72.6 71.8 71.3 70.8 70.5 70.6 70.7 70.6 70.9 70.9 70.8 71.1 71.2 71.0 69.1 71.0 71.3 71.4 71.2 71.1 71.2 71.3 71.4 71.4 71.6 71.6 71.8 71.9 72.0 72.1 72.3 72.4 69.6 73.1 72.9 72.5 72.6 72.5 72.3 72.2 72.3 75.8 79.6 84.4 84.8 80.1 75.2 75.1
378.4 362.3 341.2 322.7 300.9 276.4 261.9 252.8 249.8 245.2 219.5 187.8 163.8 134.4 106.5 107.6 95.7 85.7 83.9 82.7 82.0 81.5 81.6 80.9 79.3 77.4 75.9 74.6 73.2 72.1 71.5 71.2 70.7 70.7 70.7 70.7 70.7 70.9 71.0 71.0 70.9 71.3 69.3 71.2 70.7 70.5 70.9 70.8 70.9 71.0 71.1 71.3 71.6 71.6 71.7 71.8 71.9 72.0 72.1 72.1 72.1 69.6 71.5 72.5 72.9 72.7 72.5 72.2 72.3 72.4 72.5 74.9 78.7 80.4 78.7 74.7 74.3
362.2 342.3 321.8 306.2 284.0 250.2 231.8 219.9 214.9 216.5 205.7 177.2 151.8 122.6 106.3 106.8 92.7 86.5 86.4 85.7 84.7 84.4 82.7 81.5 80.0 77.9 73.8 74.8 73.3 71.8 71.3 71.1 70.8 70.8 70.8 70.8 70.8 71.0 71.1 71.1 71.0 71.2 71.2 71.4 71.4 71.5 71.3 70.7 70.8 70.9 71.0 71.3 71.7 71.7 71.8 71.8 71.9 72.0 72.2 72.5 69.6 72.6 72.6 72.7 72.8 72.7 72.3 72.2 72.3 72.4 72.5 72.6 73.6 74.9 74.7 73.8 74.0
350.7 330.8 310.2 274.8 251.9 225.7 201.3 186.0 179.6 177.5 171.3 152.8 130.9 112.0 105.6 98.8 90.7 89.1 88.3 87.6 85.8 84.7 83.1 81.7 79.0 77.6 75.7 74.1 73.2 72.3 71.8 71.3 71.0 70.9 70.9 70.9 70.9 71.1 71.2 71.2 71.1 71.0 71.0 70.7 71.7 71.7 71.6 70.7 70.4 70.8 71.0 71.6 71.7 71.8 71.9 71.9 71.9 72.0 72.2 72.5 69.6 72.4 72.9 73.0 73.0 72.8 72.2 72.5 72.4 72.4 72.3 72.4 72.4 72.2 72.9 73.4 73.8
326.2 308.0 280.9 248.7 219.6 195.4 175.7 156.9 145.2 150.9 148.8 128.4 118.1 121.8 112.7 106.1 95.4 91.4 89.1 87.5 86.2 85.0 83.1 81.7 79.5 76.2 75.1 73.2 72.4 72.4 72.1 71.7 71.2 71.1 71.1 71.0 71.1 71.3 71.2 71.3 70.6 70.8 70.9 69.6 71.8 71.8 71.4 71.1 70.9 71.3 71.6 71.7 71.8 71.9 72.0 72.0 72.0 72.0 72.2 72.4 72.4 69.6 72.9 73.1 72.9 72.8 72.9 72.5 72.5 72.4 71.9 72.0 72.5 72.7 73.2 73.5 73.9
301.9 282.4 254.0 223.9 195.5 174.1 168.3 174.0 163.5 147.0 133.6 135.3 146.5 140.2 116.7 117.6 98.1 92.2 89.8 88.2 86.3 84.7 82.8 81.4 80.2 77.9 74.5 73.7 72.9 72.4 72.3 71.9 71.6 71.4 71.3 71.2 71.2 71.1 71.1 71.2 70.7 70.9 71.1 71.5 72.0 71.8 71.6 71.5 71.3 71.2 71.5 71.6 71.8 72.0 72.1 72.2 72.2 72.2 72.3 72.3 72.6 72.9 72.7 69.6 72.9 73.0 73.3 71.8 72.5 72.2 71.7 71.8 72.4 73.0 73.5 73.7 74.0
278.8 256.9 230.6 200.3 179.1 178.6 188.9 187.1 177.8 168.3 160.4 159.7 161.8 148.6 119.1 113.1 100.7 94.2 90.7 88.5 86.3 84.4 82.8 81.3 79.6 77.8 75.4 74.3 73.5 73.0 72.5 72.3 72.1 71.6 71.5 71.4 71.4 71.4 71.3 71.5 71.5 71.7 71.8 71.9 72.1 72.0 71.8 71.8 71.8 69.6 71.6 71.9 72.0 72.0 72.1 72.2 72.2 72.3 72.3 72.3 72.6 72.9 73.3 72.4 69.6 73.3 73.7 77.1 76.3 71.4 72.7 72.2 72.7 73.3 73.6 73.9 76.8
258.9 237.1 214.6 191.6 185.0 199.9 200.8 195.4 189.6 183.4 178.5 173.4 171.0 151.9 122.4 113.2 105.9 96.9 93.5 88.8 86.4 84.0 81.6 80.2 78.2 77.2 76.2 75.1 74.2 73.5 72.7 72.4 72.4 72.2 71.6 71.6 71.6 71.5 71.8 71.9 71.8 72.2 72.2 72.0 69.7 72.3 72.0 71.9 71.9 71.7 71.7 71.8 71.8 72.1 72.2 72.2 72.3 72.3 72.3 72.4 72.6 72.9 73.3 73.4 73.1 72.9 76.7 80.0 82.7 78.9 73.9 73.0 73.1 73.3 73.6 76.3 81.9
239.4 218.9 198.7 187.2 204.6 211.8 207.6 202.3 198.0 193.3 186.0 179.0 171.5 151.9 126.0 118.4 108.2 100.7 95.9 89.2 85.8 83.7 82.2 80.6 79.3 77.5 76.7 75.7 74.7 74.5 73.0 72.7 72.4 71.9 72.1 71.5 71.5 71.5 71.2 71.7 72.1 72.7 72.5 72.2 73.3 72.4 72.0 72.0 71.9 71.7 71.6 71.7 71.9 72.1 72.2 72.2 72.3 72.3 72.3 72.5 72.7 72.8 73.1 73.3 73.2 72.4 73.6 77.4 80.7 81.5 78.0 73.6 73.1 73.3 74.1 76.4 81.5
222.9 200.3 204.1 210.7 219.5 219.7 214.0 208.5 204.9 198.7 190.0 180.8 170.0 153.8 123.5 116.1 110.6 99.9 93.0 86.5 86.6 83.6 81.7 80.4 79.1 77.9 77.0 76.3 74.9 74.0 73.5 73.1 72.4 72.2 72.6 71.7 71.5 71.4 71.3 71.4 72.3 72.3 72.0 72.5 72.5 72.2 72.2 72.1 72.1 72.0 71.5 71.6 71.9 72.2 72.3 72.3 72.3 72.3 72.3 72.5 72.8 72.8 72.9 73.1 73.1 72.9 70.7 73.6 76.6 79.0 77.2 73.8 73.4 73.3 73.7 74.3 78.9
