lakeDistrict/cenrtalDEM.asc
ncols 800
nrows 600
xllcorner 310000.0
yllcorner 500000.0
cellsize 50.0
nodata_value -32766.0
[rows 238 to 271 of 600, columns 231 to 307 of 800]
298.9 278.4 262.2 256.4 268.4 282.7 298.6 317.9 332.6 352.4 379.2 400.2 420.0 413.2 389.6 368.2 348.1 323.6 294.9 265.1 239.0 216.2 194.4 180.6 173.6 166.1 156.5 159.2 160.7 162.5 167.9 178.3 195.0 219.4 247.8 295.3 338.2 371.4 415.2 458.3 517.2 561.3 571.8 572.8 570.6 564.4 557.3 547.8 533.7 517.6 499.9 471.3 436.1 397.5 364.1 326.3 296.3 273.3 267.5 255.8 228.8 199.6 174.6 163.6 154.5 134.2 115.9 92.5 88.9 87.2 86.8 83.6 85.3 80.4 79.9 78.1 77.5
300.6 277.8 264.2 273.3 287.4 304.0 323.7 347.3 367.9 392.8 411.4 424.1 428.6 406.5 380.1 352.9 332.4 313.6 283.9 251.8 225.9 203.6 187.3 179.1 171.9 163.3 157.7 161.0 163.4 167.8 176.3 187.3 204.0 227.0 258.1 306.8 345.1 392.1 440.7 483.8 528.7 561.1 570.7 570.8 567.1 560.9 551.5 541.6 521.8 502.8 482.5 454.3 419.7 386.7 352.3 320.4 288.8 263.2 248.9 239.4 218.9 192.5 167.3 146.7 132.0 114.0 100.1 90.3 89.5 88.7 86.4 82.5 80.7 79.4 80.7 77.5 78.0
292.4 273.6 280.1 290.3 307.3 328.3 354.3 376.3 399.7 422.3 439.5 448.3 429.2 402.6 372.2 341.2 318.2 298.8 271.2 244.8 220.3 200.3 184.9 176.5 169.9 164.4 159.9 159.9 163.7 171.2 180.3 192.6 214.0 239.8 274.3 310.8 352.8 402.8 441.9 485.9 529.1 560.2 571.5 570.0 564.4 557.8 544.9 527.4 502.5 484.7 460.4 431.5 403.4 374.6 341.2 309.1 281.8 255.1 240.6 229.3 213.1 188.5 160.6 136.9 116.8 105.7 93.8 91.0 91.1 91.0 92.1 82.2 80.8 80.3 78.2 79.2 79.8
289.2 285.4 292.9 309.0 329.1 352.3 378.5 404.4 433.7 452.7 452.6 441.0 417.5 388.2 363.8 333.5 313.7 287.4 261.2 236.5 213.5 193.3 181.0 174.2 168.4 164.7 159.3 160.4 166.5 173.7 185.7 201.7 223.4 250.6 286.0 329.2 368.8 411.8 475.0 500.2 525.2 552.7 570.4 569.5 561.9 550.7 534.1 511.2 485.8 464.0 444.1 414.8 388.9 360.2 326.9 298.7 274.2 249.8 224.5 218.5 199.0 173.8 149.1 127.6 109.0 98.4 94.3 93.0 93.8 92.8 89.1 82.8 79.9 80.4 78.4 78.9 79.6
288.0 295.4 305.8 327.3 351.0 382.1 412.2 435.6 464.7 457.8 452.0 431.4 404.0 377.1 351.1 325.8 301.0 279.9 257.4 233.6 208.0 188.4 177.5 172.2 167.5 163.7 160.7 163.0 168.8 175.0 192.5 207.8 233.0 266.4 303.1 343.3 385.6 429.8 457.0 483.7 515.1 546.6 569.9 565.9 558.3 544.4 522.3 498.8 472.6 449.9 428.2 401.0 377.4 344.5 313.9 289.2 266.1 242.7 221.8 202.1 176.3 163.0 143.6 120.9 105.9 97.1 95.0 95.0 97.4 97.0 90.6 84.4 79.5 79.0 79.5 79.2 78.7
294.6 303.8 320.0 344.0 373.0 411.3 447.6 479.0 475.4 454.1 441.6 424.4 406.3 377.4 346.0 315.1 289.7 266.7 247.5 225.1 201.7 182.8 174.5 170.4 165.8 162.0 161.1 162.6 173.3 182.3 197.0 215.6 241.5 278.4 315.7 356.1 388.5 412.3 437.1 475.8 509.3 546.2 567.9 564.1 555.6 539.0 513.6 490.4 463.1 438.1 411.8 385.8 362.2 335.4 306.6 279.5 254.5 232.6 216.4 194.6 171.9 153.0 134.4 119.9 105.4 97.0 97.9 98.7 102.0 95.1 87.8 84.6 80.9 78.8 79.8 80.9 78.9
308.5 322.4 340.8 366.4 411.1 461.9 497.0 489.4 464.5 433.3 420.6 413.4 397.5 369.3 336.7 304.0 277.8 251.6 230.9 210.1 192.1 180.5 173.9 169.2 165.0 161.7 162.3 162.6 173.6 184.8 199.1 219.1 246.3 280.8 309.7 340.0 366.5 400.9 435.0 470.7 505.0 538.9 566.4 564.2 553.7 531.8 505.0 481.3 455.6 426.1 400.3 373.3 346.9 324.8 302.6 276.2 249.6 226.2 205.7 185.1 166.2 149.3 129.9 116.8 108.2 99.7 101.6 104.0 107.1 96.4 85.7 84.0 81.9 79.8 81.5 80.8 80.3
328.4 346.5 376.1 411.2 470.4 515.3 499.8 472.1 444.2 418.3 403.8 392.6 376.0 350.6 318.5 290.3 267.7 240.4 218.3 202.1 190.3 180.3 174.2 170.5 167.0 163.6 163.0 163.9 172.5 187.3 204.1 226.5 257.1 286.8 323.2 359.1 399.4 434.1 469.3 492.7 518.1 547.3 567.3 564.2 552.0 524.2 494.3 470.3 445.0 415.3 388.4 361.5 335.2 310.4 285.6 264.0 240.9 221.8 205.0 184.1 166.8 145.6 125.5 118.8 111.0 106.0 105.4 108.0 109.8 94.6 85.0 84.0 81.9 80.6 82.2 82.4 80.5
355.7 392.5 427.2 457.3 512.8 513.4 488.8 459.2 431.1 406.0 387.8 372.3 354.1 327.5 300.6 276.5 253.7 232.4 215.5 201.6 191.2 181.4 176.6 173.4 169.1 165.1 163.0 167.3 175.4 190.4 208.4 230.1 258.4 289.4 323.7 369.1 413.0 452.3 481.3 516.9 539.1 564.1 573.5 568.9 550.4 519.3 484.8 457.4 431.0 404.2 378.6 353.6 328.5 300.4 273.6 251.5 229.9 213.9 198.2 177.9 158.0 142.4 126.7 124.1 119.3 110.3 109.0 110.1 103.6 90.9 84.1 83.4 82.1 82.7 83.8 82.6 78.9
402.8 451.7 491.5 507.3 518.2 508.2 479.0 449.4 421.7 399.7 380.4 352.9 337.6 316.8 289.2 267.0 246.5 229.0 214.4 203.3 192.9 186.3 181.3 176.3 171.3 167.1 164.1 170.7 181.7 194.2 214.4 235.0 261.1 294.3 332.4 371.3 407.4 432.7 466.7 497.6 528.2 561.1 572.4 564.7 539.6 510.0 475.4 447.9 420.5 393.7 370.0 344.3 323.1 298.0 274.0 252.2 226.1 200.7 177.5 160.5 143.9 133.6 128.8 126.1 122.6 114.0 112.1 112.9 100.3 86.3 83.7 83.9 82.4 82.9 82.5 79.7 77.5
444.9 482.8 497.5 514.6 521.9 504.2 469.2 441.6 417.5 393.7 373.7 350.4 328.4 305.9 280.7 259.2 242.9 228.6 214.2 201.7 194.0 188.1 182.4 178.2 172.5 166.8 166.4 172.7 183.9 197.2 215.0 236.1 261.4 289.6 326.3 362.0 394.9 429.9 466.2 498.2 530.9 559.9 570.7 554.4 526.0 497.9 466.9 437.8 410.5 383.5 359.4 335.0 314.5 295.8 269.4 251.4 232.1 207.1 186.5 163.9 146.5 131.8 133.6 133.8 126.3 116.7 108.6 107.2 96.6 85.2 84.0 83.3 81.4 82.9 81.1 77.9 77.6
463.6 481.8 503.6 520.4 525.6 494.5 466.0 436.6 410.5 387.5 366.0 347.5 327.7 303.7 282.0 259.7 244.0 231.3 214.4 202.3 193.8 188.4 182.5 178.2 171.4 168.1 166.8 171.4 179.3 198.0 216.4 243.1 270.0 305.4 342.9 385.4 421.7 454.9 488.0 523.4 554.3 574.6 565.7 545.0 517.4 485.9 455.3 426.4 401.9 376.1 346.7 323.1 303.0 285.7 261.5 244.2 229.4 209.2 185.3 156.3 139.4 135.6 139.5 139.4 133.9 121.4 108.4 102.2 93.1 85.3 84.7 83.2 83.0 80.8 81.0 80.6 77.8
461.1 486.2 504.8 524.5 519.4 492.4 466.1 432.8 405.0 382.5 362.5 339.0 314.8 292.3 272.8 252.7 239.4 226.4 211.6 200.8 193.2 187.3 182.1 177.5 173.7 169.7 167.8 171.2 183.4 201.0 224.8 249.7 277.0 311.0 357.2 398.0 435.0 474.9 515.4 548.5 574.3 572.4 560.4 534.2 507.4 477.0 448.7 419.8 394.3 367.0 339.1 313.9 290.1 270.9 253.8 236.3 216.0 191.1 168.7 151.9 145.2 144.4 145.8 143.4 130.9 125.4 106.3 104.5 98.4 85.6 84.2 84.3 83.7 82.4 82.2 79.7 76.4
466.7 487.7 510.2 520.5 516.2 492.2 458.7 426.4 399.8 375.8 354.3 329.3 307.2 283.0 259.6 245.9 234.9 224.1 209.2 200.7 192.8 187.2 182.9 177.7 174.4 169.1 170.3 175.4 191.0 207.5 227.8 254.1 285.0 325.3 370.1 409.4 448.7 492.9 535.4 571.6 584.5 577.7 556.8 527.6 496.2 467.3 438.5 410.2 383.6 358.4 330.1 305.6 286.9 269.3 252.8 238.3 223.7 197.1 176.2 159.2 153.7 147.7 147.7 135.4 124.6 114.3 98.3 99.1 97.6 84.7 84.4 83.9 81.4 78.7 82.4 77.1 76.9
464.9 490.1 511.1 520.9 520.0 488.0 450.1 419.3 392.8 370.9 346.5 319.9 298.8 277.1 262.3 250.6 235.2 224.8 215.2 203.8 193.8 188.0 183.4 174.8 173.3 169.8 172.9 181.5 196.0 211.1 232.6 258.1 287.4 326.4 378.9 420.3 460.5 505.4 548.8 587.4 589.5 580.7 554.9 522.4 490.7 461.1 431.7 403.5 376.4 351.0 326.8 307.3 291.5 275.8 261.4 253.4 235.1 206.9 186.7 165.8 151.8 149.9 136.5 130.4 117.3 100.7 92.1 87.3 88.7 82.9 83.7 83.9 83.7 78.5 77.6 77.6 77.3
471.3 493.7 509.4 527.7 526.9 480.2 443.4 412.7 385.1 360.8 339.7 319.8 297.0 278.4 268.0 252.0 248.2 234.9 220.0 206.6 196.3 190.0 184.8 180.1 173.3 170.4 176.0 185.0 198.7 216.8 238.8 261.4 293.9 342.8 388.2 429.7 478.8 518.2 551.6 590.4 600.3 589.7 562.6 526.6 492.3 456.7 425.6 399.7 372.5 351.8 330.9 312.2 297.0 284.4 278.0 271.9 251.9 228.0 197.5 168.8 153.6 144.0 129.5 114.4 106.3 89.4 86.3 86.4 85.5 85.1 84.5 84.5 82.2 79.2 77.2 78.2 79.2
479.0 495.0 510.1 534.4 541.7 492.6 445.1 411.5 381.9 357.1 337.4 311.1 301.7 287.8 276.4 266.4 255.6 242.4 223.4 210.2 198.5 190.5 185.1 179.4 173.0 171.8 179.5 189.6 202.4 218.8 241.1 269.8 315.4 359.5 406.0 444.4 476.9 511.2 550.9 590.2 615.4 599.2 574.2 540.1 501.7 464.7 433.4 405.9 377.6 357.5 336.3 320.7 309.6 308.1 307.5 301.1 269.8 238.5 205.1 163.9 148.9 140.4 125.4 105.5 93.0 87.0 86.8 86.8 85.4 83.8 78.4 78.9 80.7 78.8 78.3 77.9 81.0
481.8 495.0 517.2 539.3 539.0 505.9 448.1 415.8 385.8 353.6 346.8 337.4 323.5 307.1 287.3 273.5 259.8 244.4 227.7 213.1 201.3 191.0 184.2 176.9 174.0 173.7 180.1 193.2 209.6 227.1 247.9 276.8 326.8 375.6 427.6 466.4 487.8 516.9 562.5 602.3 623.9 606.9 591.1 555.0 526.1 482.1 440.6 413.0 392.9 371.3 352.8 336.8 342.4 340.3 324.6 305.7 266.8 231.1 201.6 166.3 140.9 123.7 108.6 96.8 89.7 87.8 87.0 87.0 84.5 83.7 80.5 80.0 78.9 79.2 77.7 77.9 85.0
482.2 504.9 528.2 549.6 543.5 522.5 468.5 424.9 386.8 381.9 373.5 362.4 349.1 327.6 306.0 288.5 267.4 247.9 231.5 216.3 203.6 192.2 183.3 177.6 174.9 173.0 179.9 195.1 215.8 238.2 258.7 284.6 329.4 381.5 443.0 468.8 499.7 540.6 585.6 615.7 624.4 621.3 610.2 593.2 572.7 545.6 474.6 432.0 405.7 383.7 365.5 356.2 349.2 340.5 318.0 291.3 256.9 220.3 194.2 170.6 147.8 118.8 104.9 93.7 90.3 88.1 86.9 86.3 85.4 79.6 78.8 78.7 78.7 78.2 77.7 78.2 84.4
486.8 516.3 544.8 553.7 549.1 531.6 489.7 451.7 409.5 413.7 415.2 397.6 374.2 351.5 327.5 303.8 278.0 253.2 234.1 218.5 204.2 192.6 183.2 178.1 176.4 174.6 184.7 200.4 222.7 248.8 274.9 295.7 332.7 389.5 428.6 464.8 508.9 551.8 590.4 621.5 628.2 632.5 627.1 618.8 593.2 565.8 514.7 469.4 432.4 404.4 383.9 375.0 355.9 335.6 311.9 288.5 251.9 215.1 189.0 168.7 148.2 122.6 108.4 93.8 90.8 88.3 87.2 86.2 85.6 79.9 78.8 78.5 78.5 78.9 78.8 84.8 88.0
503.1 534.2 552.5 553.3 546.8 524.6 487.7 455.4 431.8 459.9 453.5 468.4 421.8 380.6 341.5 311.7 283.9 259.1 236.3 218.5 204.3 194.0 184.5 179.2 176.8 182.6 191.6 208.8 232.8 258.8 288.0 316.0 343.9 407.1 449.5 483.5 530.2 566.9 600.8 625.9 628.2 630.4 627.0 609.8 593.6 576.4 551.5 509.8 460.0 426.2 407.1 397.3 360.1 334.5 309.4 281.8 252.7 238.6 194.1 164.8 143.6 128.7 122.6 104.5 102.5 95.1 88.9 87.3 81.5 82.8 84.5 81.6 79.4 78.9 85.2 85.6 86.6
521.3 549.6 571.1 574.2 568.3 540.6 498.1 474.1 485.2 514.9 508.7 487.7 471.2 426.4 374.9 326.1 297.4 268.2 241.9 223.1 206.9 196.2 187.6 180.6 184.4 191.8 201.6 219.0 241.3 272.0 303.8 334.2 379.0 417.3 444.1 482.2 527.5 559.5 610.1 630.6 626.0 623.6 615.5 602.4 588.3 575.4 556.2 534.7 497.4 458.1 459.2 436.1 378.3 351.0 314.9 290.6 264.6 235.7 205.9 175.6 157.6 138.7 127.0 123.3 129.7 120.1 105.3 93.7 86.0 85.3 95.0 92.5 81.0 78.3 84.2 84.2 91.0
550.2 573.6 593.6 590.9 576.9 550.9 524.1 522.9 533.1 551.8 533.2 503.7 473.7 437.3 394.8 355.6 333.0 299.7 253.6 231.1 213.1 198.8 182.2 188.0 193.6 206.0 226.4 258.5 294.9 329.8 344.8 365.6 403.5 442.1 476.6 501.6 523.0 559.8 617.4 629.3 624.8 617.2 608.4 596.7 582.9 573.5 555.6 535.7 502.9 476.1 471.6 449.1 406.4 377.5 373.7 315.8 287.6 256.0 224.3 196.8 177.3 159.3 154.5 138.9 144.5 137.4 121.9 103.1 89.5 87.3 99.5 99.6 80.7 78.3 82.7 92.0 103.5
580.7 607.1 620.5 611.7 592.8 575.4 562.7 573.7 581.9 579.7 546.4 510.0 478.9 446.4 408.1 367.6 338.5 306.5 274.0 249.4 222.2 202.8 187.7 201.6 215.4 243.9 292.5 317.4 356.0 380.0 381.5 407.2 443.4 482.0 519.7 544.8 559.6 579.4 622.2 625.4 618.1 608.2 600.4 588.8 574.5 562.4 548.6 529.5 502.7 480.6 468.1 452.8 430.3 406.2 387.1 350.5 311.0 277.2 248.8 224.2 223.1 220.4 195.7 167.1 144.0 138.7 121.1 104.4 89.7 85.6 94.3 91.4 78.1 77.7 82.4 84.7 87.0
608.5 632.7 640.3 623.6 605.6 590.8 589.8 602.5 609.2 601.8 565.5 521.5 479.3 438.2 401.3 362.5 329.2 300.8 277.0 256.2 228.0 208.2 191.8 207.3 228.6 273.1 294.9 324.0 355.6 382.5 396.5 430.0 463.2 498.5 529.8 557.8 588.0 610.8 620.9 619.6 612.1 601.2 592.5 580.2 568.0 555.7 541.8 522.1 497.4 473.9 461.3 449.6 443.9 426.8 416.4 403.2 362.5 326.0 279.0 248.3 234.3 215.7 196.6 176.7 155.1 130.8 115.9 99.7 88.8 85.2 88.1 82.7 78.5 80.5 82.5 84.1 87.3
638.3 659.2 654.9 639.5 620.5 611.6 618.5 625.7 593.8 563.1 533.5 504.2 473.4 436.1 400.4 364.2 332.6 302.8 275.2 251.1 231.4 213.0 194.4 210.5 234.0 266.9 290.9 311.3 337.6 366.7 393.0 421.9 455.7 490.2 525.0 554.3 587.0 618.7 618.3 614.0 607.2 596.3 586.6 573.6 561.7 547.9 533.1 513.3 490.2 467.8 454.4 442.7 434.9 425.5 418.5 415.5 406.1 361.7 313.8 264.9 232.4 222.5 219.5 178.1 155.7 127.6 108.4 93.4 87.5 85.8 79.8 77.8 81.5 84.5 83.9 92.2 97.8
663.7 680.2 677.9 658.6 644.3 641.7 648.3 645.2 598.0 552.8 520.9 491.4 462.5 434.1 398.0 362.5 330.5 302.6 278.4 256.7 235.3 216.3 200.0 208.7 230.3 259.5 281.3 302.5 323.5 351.4 383.1 411.2 445.0 481.8 516.6 550.3 586.1 615.5 617.5 613.1 606.3 594.5 584.7 572.9 559.7 545.2 529.9 509.7 489.2 470.1 449.2 437.2 428.4 417.9 410.1 406.7 394.6 351.0 306.0 268.8 238.3 221.9 193.4 169.6 146.4 125.0 102.0 90.0 87.5 82.7 79.9 78.6 85.5 88.2 87.3 114.5 110.4
686.5 702.1 699.2 682.8 668.3 665.9 667.1 634.5 601.1 560.9 525.3 487.7 457.2 428.9 402.4 375.4 343.6 311.0 284.0 257.5 235.4 215.8 200.9 206.8 225.5 249.7 273.2 294.4 315.4 340.8 372.6 403.6 443.8 478.1 510.6 548.6 590.7 620.6 620.7 614.4 604.9 594.3 584.3 571.4 558.7 544.7 528.2 509.1 487.7 470.3 456.3 437.1 443.0 428.7 404.2 388.8 359.8 320.4 285.6 255.2 230.3 208.6 183.8 160.8 140.3 114.2 99.8 92.0 87.0 82.2 79.7 85.2 89.3 96.1 88.5 122.6 114.4
705.3 714.8 705.5 695.1 687.2 682.2 660.0 615.5 585.0 555.6 522.3 490.5 458.7 430.7 405.6 382.5 354.3 320.9 290.1 262.2 237.7 215.9 204.7 205.4 221.7 245.1 263.7 284.5 307.3 333.4 369.7 400.0 432.9 480.4 525.2 559.7 601.9 627.9 624.9 619.2 607.2 595.3 584.5 572.0 563.7 549.1 533.7 513.9 490.0 468.6 455.1 445.5 435.5 423.7 400.3 372.9 335.9 304.9 275.1 245.5 215.6 191.7 164.2 149.1 129.4 115.7 104.4 95.4 87.5 82.8 78.1 83.3 93.7 101.8 108.0 117.8 119.4
711.9 714.0 709.9 703.4 697.1 685.8 647.4 603.9 574.9 548.8 522.5 494.1 461.9 432.1 404.8 379.4 356.8 324.8 295.6 268.5 244.6 218.6 206.6 202.2 217.7 237.1 257.0 278.3 303.0 334.3 366.0 397.5 432.5 478.0 523.2 571.7 612.9 633.1 629.0 624.8 616.5 606.7 592.6 574.0 562.3 554.5 540.2 527.2 514.0 481.1 462.1 440.4 432.9 417.4 413.4 396.4 362.2 326.6 291.4 260.2 231.0 202.8 179.4 151.1 138.0 119.9 105.0 92.4 84.3 81.1 78.5 83.3 92.2 105.4 108.8 106.1 148.1
719.8 719.5 714.9 708.7 695.7 676.6 640.4 600.7 566.5 540.4 515.1 490.4 458.2 428.4 402.9 378.0 350.1 323.5 297.9 272.9 245.3 220.2 208.9 205.5 215.2 229.5 251.1 273.6 300.9 333.2 359.4 391.3 426.0 479.4 526.1 561.4 604.7 639.8 635.4 632.7 632.0 625.7 605.7 583.8 565.3 554.2 542.5 531.6 521.9 507.4 478.1 452.6 436.9 433.2 440.1 437.1 410.6 354.3 305.2 269.0 236.0 204.7 186.2 163.6 146.7 131.7 115.6 103.6 95.1 83.1 78.8 78.1 83.9 96.8 106.8 102.8 133.5
726.4 721.7 716.5 703.5 674.3 654.3 627.2 595.0 559.3 532.2 507.8 478.9 446.9 420.5 398.1 373.3 349.9 325.4 296.3 266.5 240.9 221.5 214.9 207.6 212.9 222.9 242.6 268.5 295.4 321.8 352.8 386.7 421.6 467.0 518.6 563.5 618.4 638.6 641.0 634.7 634.3 631.5 616.5 592.8 572.7 558.6 550.9 547.4 532.9 505.2 476.3 462.1 445.3 444.1 455.9 462.5 447.7 421.2 354.6 286.2 245.1 208.7 183.1 162.4 145.2 132.8 124.5 108.8 100.6 84.7 86.0 87.5 81.2 79.1 87.0 98.6 115.1
722.7 721.1 712.9 692.3 657.0 622.8 601.0 571.6 544.5 516.6 491.8 467.1 438.7 412.7 389.4 366.7 343.3 319.8 283.0 255.2 243.1 227.6 218.4 209.0 213.8 223.0 240.5 263.4 287.9 317.9 349.1 382.5 416.3 465.4 512.9 553.2 588.8 634.2 642.3 634.7 630.4 626.2 617.8 604.9 578.4 563.1 556.7 548.1 535.6 505.0 480.7 471.7 452.6 452.9 466.6 465.8 462.4 449.2 410.6 327.5 272.6 219.9 189.6 175.4 162.1 130.0 112.8 114.3 102.7 93.2 96.6 98.6 96.9 90.8 80.0 94.7 107.7
717.9 717.6 700.7 663.3 631.6 600.1 577.0 548.6 520.9 497.2 475.5 451.6 425.6 402.4 378.1 353.3 329.3 299.0 289.9 271.4 252.4 234.8 224.2 216.8 215.2 223.4 239.2 259.6 284.0 313.3 343.8 378.3 412.8 454.6 503.4 548.2 600.8 645.5 638.4 631.4 625.3 618.7 609.0 598.6 581.3 567.6 560.3 549.2 530.0 504.4 492.0 481.0 466.2 454.6 473.7 471.0 470.5 464.4 435.5 391.0 357.7 268.5 210.8 195.4 178.0 144.8 118.6 104.4 97.6 105.2 112.6 116.7 103.2 94.9 81.1 83.3 104.1
