lakeDistrict/cenrtalDEM.asc
ncols 800
nrows 600
xllcorner 310000.0
yllcorner 500000.0
cellsize 50.0
nodata_value -32766.0
[rows 102 to 135 of 600, columns 462 to 538 of 800]
176.2 178.4 179.7 180.4 182.2 183.5 184.3 185.9 187.5 189.9 192.3 194.2 196.6 198.7 199.6 203.6 205.4 208.1 210.9 212.8 214.0 215.8 217.3 219.9 221.6 222.5 225.2 230.9 234.0 235.5 237.1 238.2 239.0 239.9 239.7 241.8 245.4 249.7 252.6 253.7 253.7 252.7 252.5 253.0 254.0 255.7 256.4 256.8 256.8 251.1 252.5 252.4 247.2 244.1 252.4 260.7 262.9 263.7 269.5 271.0 272.7 275.0 276.5 277.8 278.7 279.4 279.1 279.1 279.8 280.9 281.7 282.2 284.7 288.1 290.2 292.5 292.2
179.5 181.3 182.3 183.5 184.8 186.2 187.7 190.0 191.8 193.1 195.8 198.0 200.5 202.7 204.6 205.7 209.5 212.6 215.2 217.5 219.8 222.0 223.0 226.0 228.8 232.5 238.4 240.1 240.8 243.7 243.9 244.4 244.3 244.7 247.6 249.9 253.4 255.7 258.5 258.9 259.3 259.9 257.8 257.6 258.7 261.3 262.4 261.9 260.9 258.0 258.6 258.3 251.2 257.5 261.9 264.3 266.8 267.5 270.2 273.0 275.1 277.9 279.3 281.5 282.6 282.8 283.2 283.4 284.9 286.9 287.5 287.2 287.5 291.3 293.2 295.4 296.0
184.4 186.3 187.6 187.9 188.6 189.7 191.7 196.1 198.5 198.3 200.2 202.1 204.6 207.2 209.0 209.8 212.9 217.9 219.6 221.2 223.7 226.7 228.9 233.3 236.5 240.0 244.1 247.0 247.6 249.9 250.1 250.2 248.8 250.8 253.2 257.0 260.4 262.0 263.1 264.5 265.1 266.1 264.5 264.7 266.6 267.4 266.9 266.1 265.1 264.4 264.7 266.7 253.7 266.3 270.5 271.6 272.7 271.8 272.1 275.1 277.7 280.7 282.7 285.3 286.5 286.7 287.4 288.2 289.5 290.5 291.3 291.8 292.6 294.2 296.4 298.4 300.0
187.8 189.7 191.5 192.9 193.7 195.2 198.3 201.5 203.4 204.3 206.1 208.3 210.2 212.7 214.7 218.1 221.0 223.1 225.1 227.3 228.9 231.4 235.5 240.7 245.3 246.8 249.6 253.2 255.4 258.1 257.4 255.1 251.8 255.7 259.3 263.9 267.1 268.4 269.2 269.4 270.7 272.4 272.7 272.0 272.6 272.0 271.2 270.2 269.6 270.7 272.5 270.3 255.2 271.2 274.4 277.2 276.9 276.4 279.7 280.6 282.1 283.5 287.2 290.1 292.4 291.5 292.1 294.3 294.5 295.1 295.2 295.9 296.7 295.8 299.6 301.2 302.8
192.2 194.5 196.6 198.3 201.1 201.8 202.7 204.7 206.9 208.6 210.7 214.4 217.1 218.8 220.8 224.0 227.2 229.6 231.9 235.2 239.8 244.0 246.9 249.7 251.8 253.4 256.1 260.1 262.2 264.2 263.2 260.7 258.5 263.7 268.4 270.4 275.1 276.5 277.3 278.4 279.3 279.8 279.4 278.1 277.9 277.0 276.6 276.3 277.2 277.1 278.3 279.0 263.6 272.8 277.0 279.1 280.5 281.0 283.7 284.9 286.6 289.0 292.0 295.2 297.7 297.0 298.4 299.7 299.8 300.4 299.6 299.8 300.1 300.3 302.2 304.3 305.6
198.0 201.1 203.9 205.2 205.3 206.0 208.2 209.6 211.7 214.6 217.1 219.8 222.5 225.0 227.4 231.0 234.5 238.1 241.4 244.8 250.2 253.2 255.4 256.0 258.3 261.0 263.7 266.1 269.3 270.7 271.0 272.0 273.5 275.8 277.7 283.2 284.7 285.1 286.3 286.9 287.4 287.9 286.4 284.0 284.3 284.2 284.5 283.6 284.1 284.7 284.4 283.9 267.7 269.7 279.8 282.9 284.4 285.3 286.9 289.2 291.8 294.1 296.7 299.3 301.2 302.8 305.4 304.7 305.3 305.1 304.1 304.0 304.5 305.3 306.2 307.5 309.6
204.6 206.3 207.5 209.1 209.5 210.6 212.1 214.3 216.4 218.8 221.4 225.3 227.8 231.8 235.9 239.3 242.0 245.9 250.7 256.3 259.9 263.3 263.3 263.4 267.5 271.7 273.1 274.5 277.2 277.9 278.9 279.6 284.2 288.4 290.9 292.4 292.6 292.5 293.9 294.5 294.8 295.6 294.4 294.3 293.5 292.7 292.2 293.0 291.9 290.9 289.9 287.8 282.4 271.3 283.4 288.0 289.9 290.3 291.4 293.4 297.0 299.6 302.5 304.1 305.8 309.2 311.0 310.0 310.2 309.7 307.8 309.0 309.6 310.5 311.1 311.7 313.5
207.8 210.3 211.6 213.0 213.9 215.4 217.1 218.4 221.4 225.4 229.1 233.1 236.9 240.1 244.9 248.9 254.6 257.6 264.6 268.3 271.2 273.5 274.9 275.8 277.1 279.5 281.2 282.3 284.8 288.1 288.8 292.4 296.5 299.3 301.3 301.7 301.8 301.5 302.2 303.3 301.9 303.1 302.8 303.1 302.3 301.3 300.7 299.5 296.1 294.7 292.3 281.8 282.2 284.2 288.5 293.2 294.2 295.2 296.3 297.6 301.4 305.3 309.2 313.0 312.9 313.9 314.6 314.1 313.9 313.1 313.4 314.2 314.8 315.4 315.9 316.5 317.3
212.6 215.0 215.3 216.4 218.8 221.4 222.7 224.4 228.8 232.0 236.2 240.8 244.7 249.8 254.8 258.0 262.3 267.4 271.7 274.0 278.5 281.8 283.1 283.6 283.9 285.8 289.5 293.4 295.7 298.8 302.3 304.2 306.4 308.0 309.4 309.3 308.8 309.6 309.8 309.7 309.2 308.4 308.4 308.8 309.1 307.3 305.6 304.3 300.6 297.9 292.1 283.7 291.7 291.6 297.9 298.6 298.2 299.8 301.0 303.0 307.2 313.9 316.3 316.4 315.5 315.3 316.1 316.4 316.9 318.0 318.6 319.3 319.1 319.6 320.3 321.1 321.9
216.6 217.8 220.0 223.7 227.2 229.2 230.3 232.6 236.4 240.8 245.3 248.4 253.2 258.8 264.6 268.6 270.9 276.2 279.6 282.7 285.3 287.8 290.0 290.2 291.9 296.4 297.4 302.4 305.8 309.4 311.6 313.3 315.1 316.3 316.6 315.4 316.1 316.2 316.0 315.9 315.0 314.5 314.8 315.8 315.1 312.8 310.2 308.2 305.1 302.0 295.9 287.5 297.0 302.0 303.8 304.2 304.2 305.2 306.0 309.1 312.3 316.5 318.8 318.7 317.2 316.2 318.5 319.3 320.5 322.1 323.3 324.0 324.0 324.1 325.0 325.8 326.5
222.2 224.6 227.9 231.3 233.6 235.8 235.0 238.2 245.7 251.1 255.0 259.5 266.5 271.7 276.4 279.7 284.2 286.9 289.0 290.8 292.4 294.6 297.1 299.4 301.9 304.5 306.8 310.5 314.0 316.7 318.9 320.3 321.2 321.1 321.6 322.4 322.4 322.2 323.0 322.3 321.0 320.9 320.9 320.6 319.3 317.5 314.8 313.1 310.3 306.6 293.6 292.1 303.4 308.2 309.2 309.5 309.9 312.1 312.9 315.7 314.3 320.8 320.8 319.1 318.8 319.0 320.7 322.3 324.6 326.9 328.0 328.4 328.2 328.3 329.3 330.0 330.9
230.3 228.9 231.6 235.1 237.1 238.5 240.6 249.2 257.0 261.5 266.6 273.5 279.1 283.6 287.2 289.8 292.3 294.2 295.7 296.5 297.9 300.4 304.7 306.2 308.8 312.4 315.6 318.7 321.0 322.4 324.3 325.5 326.0 326.5 327.7 328.9 330.5 330.4 330.1 328.8 326.6 325.9 324.6 323.9 322.7 320.8 319.3 318.5 316.3 299.7 291.9 297.3 310.3 313.8 314.4 314.7 315.5 318.0 320.0 321.1 322.5 321.0 323.4 322.8 322.0 323.5 323.7 326.2 328.2 330.6 331.9 331.9 331.4 331.3 332.6 334.3 335.5
235.7 233.7 236.7 240.4 244.3 246.3 250.7 257.9 265.8 273.5 276.9 283.0 288.8 292.3 294.7 297.2 298.6 300.1 302.2 302.0 305.0 309.9 313.3 314.9 318.2 321.5 324.5 326.0 326.7 328.5 330.2 331.0 332.5 333.8 335.2 336.5 336.4 335.0 333.9 332.3 330.1 328.8 328.4 328.8 328.0 327.7 328.1 326.3 322.1 304.6 299.7 303.2 311.1 319.2 320.1 320.6 320.8 324.3 325.5 327.6 327.4 327.6 327.5 326.4 325.9 327.5 329.5 330.5 331.3 333.1 335.3 335.5 334.8 334.7 336.3 338.1 340.1
240.7 244.3 243.8 246.0 248.1 253.8 260.3 265.0 275.7 283.5 287.8 292.1 294.8 298.4 301.1 303.4 304.0 306.9 310.1 314.8 315.2 319.3 321.0 323.9 326.6 330.0 331.1 332.2 333.3 334.3 335.5 336.8 339.9 341.5 342.4 341.3 340.1 339.4 338.3 337.1 336.1 337.0 336.6 336.1 338.0 336.1 336.4 334.3 329.3 303.2 307.6 312.5 316.8 324.3 326.3 326.3 327.0 329.8 331.7 332.8 333.2 332.9 331.1 329.9 330.0 331.6 332.4 333.6 334.2 335.7 338.0 339.5 339.6 337.8 339.8 342.0 344.8
251.4 253.9 251.9 251.1 253.3 258.4 265.5 271.5 285.8 291.9 296.2 299.3 302.9 305.7 307.5 309.9 313.0 317.0 320.6 323.2 325.0 326.8 329.5 331.1 332.1 334.7 336.2 337.1 337.8 339.5 342.1 345.2 346.6 346.9 346.4 345.9 346.1 345.8 345.4 345.2 346.8 348.2 347.8 346.6 347.3 345.5 342.7 337.6 317.7 301.9 313.1 316.5 322.5 328.8 331.6 331.8 332.9 334.1 335.7 337.1 337.4 336.5 334.8 333.9 334.4 335.5 336.1 336.7 337.3 338.9 341.5 343.1 342.8 342.0 343.6 347.5 348.6
258.9 262.5 263.4 263.7 268.3 274.5 278.5 285.8 296.1 300.0 303.9 307.8 311.7 313.2 315.1 318.4 322.4 325.8 328.0 330.1 331.5 333.6 335.6 336.4 337.7 340.0 340.9 341.9 344.4 346.4 351.0 352.1 354.3 355.0 355.2 357.1 355.8 354.7 353.3 355.3 356.5 357.3 357.9 356.5 356.2 354.8 347.6 336.0 317.0 308.6 314.7 321.8 330.0 335.3 337.2 338.9 340.1 339.7 340.3 341.3 342.0 341.4 339.6 339.7 339.6 339.4 340.0 340.5 340.7 342.2 345.4 346.5 346.0 345.8 348.3 351.1 352.4
264.6 269.0 273.5 275.4 284.4 285.1 293.2 298.4 305.4 310.2 314.2 317.8 319.4 323.0 324.5 327.7 330.5 333.0 335.1 337.2 338.8 340.2 341.4 343.1 344.4 345.8 346.9 349.1 352.3 355.9 359.0 361.5 364.3 365.2 365.9 366.5 366.5 365.1 364.6 365.7 364.9 365.9 365.4 363.3 359.7 357.2 350.9 336.8 328.8 322.8 318.5 326.6 338.5 341.9 344.5 345.1 346.0 345.5 346.6 346.9 347.2 347.5 347.4 346.6 344.6 343.5 344.0 345.0 346.0 350.3 353.0 353.9 352.6 353.2 353.9 355.1 356.4
271.5 275.8 280.5 288.6 294.4 297.8 302.7 307.5 312.5 318.9 322.2 324.7 327.9 330.9 333.1 336.0 337.3 339.8 342.3 344.7 345.8 346.5 347.9 348.9 350.4 352.0 353.3 356.1 361.3 367.2 369.9 372.7 373.5 374.0 373.9 373.4 374.8 374.9 374.1 371.9 374.2 372.8 370.2 367.4 363.5 356.3 348.5 335.2 329.7 317.0 324.6 331.8 345.2 348.7 350.6 351.3 351.6 351.6 351.6 352.9 353.9 354.5 355.5 354.7 350.9 348.9 349.7 350.8 353.0 356.3 359.1 359.7 358.5 358.2 358.1 358.9 360.6
279.3 285.7 289.7 298.2 301.2 304.6 311.0 315.4 321.1 325.5 328.9 332.3 335.5 337.3 339.8 342.7 345.5 348.4 350.9 351.5 352.5 353.8 355.1 355.3 357.4 358.6 361.5 366.3 372.1 376.2 379.0 381.0 381.8 381.2 380.5 379.9 379.5 379.1 379.6 379.1 378.3 376.2 372.1 368.4 364.8 360.7 355.8 347.5 336.0 323.1 330.4 340.3 348.1 353.8 354.9 355.8 356.8 357.5 356.9 358.1 359.2 360.0 360.0 358.6 354.8 355.1 355.2 357.0 359.6 361.7 364.4 365.2 363.5 362.7 364.2 364.0 366.1
292.4 298.7 300.4 306.9 311.3 315.4 320.3 324.7 327.6 331.4 334.7 338.7 342.0 343.9 347.4 350.3 352.9 354.8 356.7 357.6 358.9 362.0 364.3 365.7 367.0 367.2 369.4 375.9 380.3 383.5 385.5 385.6 385.7 385.1 383.7 382.3 381.1 381.0 380.9 379.8 378.4 375.8 372.1 368.7 367.4 364.9 360.5 349.4 342.1 323.6 335.3 342.2 352.2 355.0 356.6 358.1 360.3 361.2 361.3 362.3 362.6 362.8 362.6 361.2 360.0 360.2 360.5 362.3 365.1 366.2 368.4 369.0 369.9 368.5 369.3 370.6 372.9
304.6 304.9 308.7 314.9 321.7 325.5 329.7 332.9 332.8 336.7 341.8 346.2 349.3 351.0 354.6 357.5 358.7 360.4 362.9 366.8 370.8 373.1 375.7 377.7 376.4 377.1 377.6 381.2 385.6 387.8 388.4 388.3 388.8 387.5 385.7 384.1 383.5 384.0 383.7 381.8 379.7 376.9 374.8 372.8 369.7 366.8 363.7 349.9 344.0 329.9 338.4 346.1 353.3 355.6 357.0 358.8 360.6 362.0 363.4 364.0 364.4 364.5 365.1 365.1 365.2 365.7 366.3 367.3 369.0 370.7 372.2 373.1 374.4 374.7 375.7 376.5 377.5
315.3 315.7 318.5 324.4 330.1 333.8 336.9 339.2 341.0 346.1 348.8 352.9 356.4 359.2 363.2 365.4 367.0 369.4 374.0 379.0 383.7 386.0 387.3 386.7 386.2 386.3 386.9 388.4 390.1 391.0 392.3 394.2 393.8 391.5 389.1 386.8 386.1 387.0 387.0 385.1 381.1 378.6 377.0 374.9 370.6 366.4 362.5 353.7 349.8 332.0 340.0 346.7 353.8 356.8 358.8 360.3 361.9 363.8 364.9 365.6 366.1 366.4 367.6 368.8 369.6 370.6 372.2 373.4 374.3 375.5 376.5 377.8 378.8 380.4 381.1 381.4 381.8
321.9 324.9 324.5 330.2 337.3 340.5 343.4 346.0 347.9 351.6 358.4 362.3 366.1 369.2 373.0 376.3 380.4 385.0 388.8 391.9 395.0 395.6 395.4 395.8 395.9 395.8 394.6 395.4 395.6 396.7 398.1 398.3 396.6 394.9 392.6 390.2 388.5 388.8 387.5 384.9 382.7 380.8 378.0 374.1 369.5 364.9 361.4 352.1 339.9 341.4 347.8 347.0 347.9 355.6 359.6 362.0 364.2 365.4 366.4 367.3 367.8 368.8 370.1 372.4 374.4 376.0 377.4 379.0 380.0 381.1 382.2 383.0 383.3 385.3 385.3 385.4 385.4
325.5 328.2 331.0 333.9 341.0 345.4 348.9 350.6 353.4 359.6 365.6 369.7 373.2 377.0 383.1 385.4 390.4 396.6 399.8 400.7 400.3 400.8 401.4 401.6 401.7 401.9 399.1 401.9 402.2 402.7 402.6 402.1 400.8 397.6 395.1 393.2 391.2 388.7 386.4 384.8 382.7 379.2 376.2 371.9 367.1 362.6 360.1 358.3 352.1 342.7 342.9 355.0 356.4 359.3 361.5 359.6 364.7 366.1 367.8 368.9 369.8 371.6 374.3 376.6 378.3 380.1 382.1 383.7 384.3 385.3 386.3 387.1 387.6 388.1 388.2 389.5 389.0
330.3 332.6 336.1 336.8 340.7 346.1 352.2 357.3 361.9 368.6 373.2 377.2 382.3 386.4 392.2 396.3 403.8 406.6 406.8 406.8 405.9 406.0 405.9 405.7 407.4 407.2 403.7 407.4 408.2 408.4 406.9 404.6 402.5 399.7 397.4 395.2 393.0 390.8 386.2 384.1 381.6 378.7 376.1 373.0 370.1 366.4 363.8 362.4 356.9 352.3 347.6 358.6 361.1 362.1 364.2 365.2 365.5 366.6 368.3 370.2 371.9 373.8 376.7 379.7 381.8 383.0 384.7 386.4 388.0 389.0 389.8 389.6 389.3 389.4 389.6 390.6 390.8
338.1 339.0 340.5 341.8 342.4 346.7 356.8 365.2 370.7 377.5 382.7 387.8 390.7 394.5 400.5 404.9 410.0 412.7 415.0 414.5 412.4 410.8 409.4 409.4 411.4 410.9 407.7 412.6 412.8 412.2 409.7 406.5 403.8 400.1 398.0 395.8 393.3 389.9 387.7 385.8 383.8 379.6 376.1 372.9 369.5 367.6 365.9 363.8 361.8 346.9 356.1 361.7 363.6 365.3 366.6 367.6 368.2 367.2 369.4 371.5 373.6 376.1 378.9 381.4 382.8 383.7 385.0 387.4 390.2 391.7 391.8 390.6 389.6 388.4 388.0 387.4 387.3
357.4 351.9 347.8 346.3 345.9 355.4 363.8 371.2 377.7 385.4 391.0 395.6 401.0 405.9 410.5 415.5 422.3 426.3 427.4 424.2 419.3 415.7 414.0 413.8 415.0 411.8 413.2 416.3 416.1 414.2 411.2 407.2 403.2 400.7 398.7 396.8 392.9 390.5 388.7 386.8 383.8 381.1 377.3 373.6 370.4 368.6 366.8 365.2 362.5 350.5 357.7 364.0 365.9 367.6 369.0 369.9 370.6 370.2 371.4 373.5 376.1 378.8 381.4 382.3 383.3 384.1 385.0 387.5 390.9 392.6 391.9 390.5 388.8 387.9 387.2 386.0 385.5
377.2 366.7 355.1 350.4 353.6 364.0 372.0 380.1 387.3 397.0 404.1 410.0 415.7 420.8 425.8 430.4 437.2 438.7 437.9 435.1 429.7 422.0 418.0 417.2 415.7 412.8 416.6 416.9 415.9 413.0 409.8 406.7 404.0 402.0 400.1 397.3 394.1 391.5 389.8 387.8 384.5 380.8 376.9 374.2 371.7 368.4 366.7 360.9 351.4 352.6 355.0 365.5 368.2 369.8 371.3 372.4 373.2 373.2 373.2 375.6 376.9 379.8 381.5 382.5 383.5 384.3 384.8 387.0 390.2 391.5 390.4 388.9 388.5 388.8 388.8 387.9 387.0
398.0 379.7 361.3 356.5 362.5 373.1 383.5 393.4 401.5 408.4 420.0 427.5 432.1 437.0 442.9 449.4 453.0 452.8 449.5 444.8 439.1 431.2 422.6 421.4 419.7 417.0 418.2 418.2 416.3 413.9 409.6 407.0 404.8 402.8 401.5 398.1 395.1 393.4 391.5 387.8 383.9 379.6 376.6 374.5 372.3 369.0 359.3 355.2 359.8 362.6 363.7 368.1 371.4 372.5 374.2 375.3 375.7 375.7 375.6 377.3 378.7 379.8 380.6 381.7 383.3 384.0 384.9 386.0 388.2 389.7 389.5 388.8 389.6 389.6 389.6 389.1 388.4
416.3 388.3 367.2 365.4 372.3 382.1 395.0 407.1 418.4 429.5 440.1 448.7 451.3 457.3 464.6 468.1 469.3 467.0 461.0 453.2 445.4 435.2 427.5 425.6 423.6 422.1 420.7 420.5 417.9 415.1 412.2 408.3 405.6 403.1 401.6 399.7 397.8 395.6 392.8 387.6 383.7 379.9 377.2 374.5 372.4 368.9 362.8 356.5 363.1 365.9 368.0 371.1 374.9 376.6 377.3 377.1 377.4 377.8 378.0 378.3 379.8 380.9 382.5 383.3 384.1 385.2 386.1 386.7 387.8 388.3 390.1 390.4 390.7 390.4 390.3 390.0 389.8
425.0 399.9 377.5 374.5 382.8 391.1 404.2 425.6 441.3 447.7 461.4 466.9 474.0 480.6 485.5 487.0 485.0 480.4 472.8 461.6 451.6 440.3 432.6 430.2 428.3 426.8 424.5 422.0 419.2 416.3 413.1 409.4 406.4 403.6 401.6 400.0 397.6 395.0 392.1 387.9 384.1 381.4 378.5 375.7 373.0 370.2 366.0 356.6 366.1 368.5 370.6 373.4 378.1 379.4 379.1 378.7 379.0 379.5 380.0 379.8 381.3 382.5 383.5 384.3 385.0 386.2 387.2 388.1 389.4 390.5 391.0 391.6 391.8 391.9 392.4 392.7 393.3
437.8 413.9 391.6 383.2 392.2 402.3 422.2 444.6 463.7 469.1 479.2 487.2 496.7 501.8 505.8 506.3 501.0 493.9 482.5 471.5 461.1 450.2 440.8 438.2 433.7 430.2 427.1 423.6 419.9 417.0 413.8 410.1 407.2 404.3 401.4 399.4 396.7 393.8 391.1 388.5 385.6 382.8 379.8 376.8 374.1 370.5 368.4 359.6 370.0 372.0 375.0 377.9 380.3 381.3 380.7 380.4 380.6 381.1 381.5 381.5 382.1 383.7 384.6 385.5 387.0 388.2 389.3 389.8 391.0 392.2 392.6 392.8 393.1 394.6 395.6 395.8 395.9
443.0 416.9 401.2 396.7 408.6 423.2 440.6 463.3 487.8 490.3 493.0 503.8 513.8 524.1 527.4 525.6 517.9 506.0 491.4 479.7 466.7 452.7 451.5 447.3 438.0 433.3 430.0 425.3 421.2 417.6 414.5 411.4 408.5 405.7 402.9 400.3 397.7 394.1 390.9 388.9 386.4 383.5 380.6 377.9 375.8 373.8 368.8 366.6 373.0 376.3 379.1 382.1 384.0 383.3 382.7 382.5 382.7 383.0 383.5 384.1 384.2 385.1 386.7 388.7 390.4 391.8 393.2 394.3 394.2 394.4 394.9 395.3 395.9 397.1 398.7 399.0 399.3
434.4 428.1 416.1 411.4 422.0 435.6 456.7 482.6 502.3 506.4 512.7 521.9 536.3 548.9 550.5 546.5 535.8 520.8 504.1 487.2 474.4 462.7 457.2 453.3 447.7 440.8 436.3 430.0 425.1 420.8 417.6 414.4 410.8 408.2 405.5 402.2 399.6 396.8 394.4 391.4 388.9 386.5 384.9 382.0 379.2 377.4 371.9 362.7 378.1 380.4 383.0 386.2 386.8 385.9 384.9 384.8 385.2 385.5 385.9 387.0 387.0 387.3 389.4 391.4 393.4 395.3 396.6 397.8 398.4 398.4 398.7 398.8 399.1 399.6 401.9 402.7 402.9
