lakeDistrict/cenrtalDEM.asc
ncols 800
nrows 600
xllcorner 310000.0
yllcorner 500000.0
cellsize 50.0
nodata_value -32766.0
[rows 408 to 441 of 600, columns 77 to 153 of 800]
360.9 386.2 417.7 448.9 475.2 490.8 502.1 512.0 520.8 533.3 534.8 534.3 536.1 544.0 538.8 538.7 533.8 525.1 516.4 488.9 464.8 447.7 432.3 417.4 404.4 406.4 410.1 410.7 417.6 427.8 442.0 461.3 488.2 519.9 554.0 592.3 604.6 617.0 619.9 620.4 610.4 606.5 587.8 581.6 570.3 566.0 557.1 548.5 542.1 542.9 548.8 561.4 582.0 603.1 619.6 632.5 636.0 635.6 635.7 638.2 627.7 618.9 611.2 588.3 567.1 544.8 529.3 519.7 503.9 487.6 481.0 485.5 483.5 460.1 430.4 418.2 393.8
370.0 400.2 432.0 460.6 478.1 490.5 505.2 512.5 522.4 529.8 535.0 531.8 531.7 539.1 534.5 529.0 528.3 520.1 510.0 489.9 460.6 444.4 428.8 413.5 402.8 412.4 410.2 410.1 414.1 422.6 441.3 465.0 491.3 522.7 567.1 590.4 608.7 613.7 615.8 610.6 602.4 591.6 578.0 565.2 562.3 553.8 545.3 536.9 531.1 531.2 537.2 549.4 568.7 592.2 615.0 618.7 628.7 630.0 626.5 627.7 615.5 604.0 592.9 575.3 561.5 531.7 514.7 508.9 489.3 476.9 472.0 478.6 485.2 479.8 485.8 465.5 430.2
381.9 414.9 444.4 462.5 476.2 490.3 508.4 522.0 526.9 531.3 534.5 529.9 527.4 525.4 522.1 520.6 518.3 512.7 504.6 490.2 459.5 438.2 422.2 407.0 401.9 411.3 409.9 410.3 418.0 430.7 448.8 468.9 494.5 524.1 568.8 588.7 604.4 615.3 610.6 601.8 600.4 577.8 564.3 553.6 549.5 539.3 532.4 528.6 518.9 521.1 527.7 536.4 558.6 577.4 592.2 608.7 618.6 616.7 614.0 607.7 600.6 586.4 579.6 561.5 544.4 518.1 498.0 485.3 472.8 463.9 459.5 472.2 486.2 514.8 529.8 507.7 467.0
399.2 428.3 448.9 462.7 475.6 492.5 504.6 521.1 530.9 530.0 528.2 524.7 518.9 515.5 505.7 511.2 510.5 506.3 497.6 480.4 452.8 431.8 414.4 395.4 408.9 411.8 412.3 415.7 425.7 437.2 452.9 473.4 497.7 527.3 569.3 588.8 597.0 609.2 605.6 594.2 592.7 574.2 550.7 544.3 533.5 529.0 520.9 518.5 518.5 518.5 523.5 531.4 548.7 564.3 578.7 597.1 602.4 601.2 598.7 589.2 583.1 565.9 555.8 542.1 532.6 506.9 484.0 469.3 460.1 454.6 452.3 466.5 489.6 524.0 564.2 539.0 491.3
412.0 432.6 448.9 461.4 475.4 488.5 501.9 518.7 527.6 527.2 520.7 514.6 508.5 501.0 497.0 497.0 494.7 493.2 488.4 469.8 447.5 424.3 405.0 386.5 405.6 411.2 415.4 419.8 429.9 443.4 465.1 476.0 500.0 539.7 564.6 582.5 589.0 592.7 596.6 579.2 573.5 559.0 542.6 533.1 526.5 519.4 518.5 518.5 518.5 520.6 522.9 528.4 535.8 551.2 564.6 584.4 580.2 583.8 576.9 567.4 555.8 530.9 518.0 534.1 520.7 494.1 469.4 455.6 448.4 445.0 449.7 463.2 493.7 526.6 594.0 572.7 519.1
410.4 431.0 448.0 458.7 470.8 483.6 495.4 509.4 518.3 519.2 515.4 506.3 494.0 488.0 484.0 481.0 483.4 481.8 479.7 458.1 438.8 408.0 389.8 379.3 398.0 410.3 417.0 423.2 434.4 450.9 462.0 474.5 501.4 545.5 562.6 577.3 584.7 584.9 578.0 570.8 556.4 545.1 537.8 523.2 518.5 518.5 518.5 518.5 519.9 521.8 522.6 523.2 525.8 538.1 554.7 561.6 561.2 565.4 552.7 536.7 515.6 497.0 484.0 484.8 490.6 467.7 449.4 441.2 437.7 439.5 449.4 471.1 499.8 534.8 597.5 602.1 567.6
432.0 442.4 451.1 461.8 471.6 479.8 489.6 499.9 509.3 511.5 507.3 493.4 485.0 479.9 474.5 471.5 473.3 470.1 463.4 445.1 412.7 396.3 376.3 371.6 390.0 407.9 419.0 423.9 442.9 446.9 460.1 473.6 497.7 537.3 563.8 570.3 584.7 579.9 571.6 557.3 547.8 542.4 534.5 519.3 518.5 518.5 518.7 520.4 521.9 520.7 521.1 520.5 520.5 525.6 530.0 542.0 532.4 527.7 507.1 498.4 488.2 464.9 457.8 461.5 455.3 444.0 430.2 425.3 428.5 437.7 455.0 481.1 511.4 548.4 594.1 607.3 577.7
446.1 455.8 461.5 468.2 475.3 482.9 489.7 496.0 502.1 506.7 498.4 485.2 475.4 472.4 468.9 465.2 463.4 451.0 435.8 412.8 390.3 380.0 362.2 358.1 379.8 405.6 417.7 426.0 435.6 446.7 454.4 472.9 492.3 519.2 553.6 565.3 573.9 573.8 563.0 553.9 544.6 540.1 534.2 521.6 518.5 518.5 521.1 522.9 522.6 519.1 517.0 513.9 513.8 514.9 511.2 503.9 493.5 485.6 469.9 451.0 443.7 436.0 443.4 442.5 437.5 424.3 416.5 416.0 424.7 439.0 462.8 489.1 521.7 576.1 610.3 608.9 585.5
459.6 465.7 469.4 475.2 483.1 490.1 496.8 501.6 501.1 497.4 488.8 477.2 473.0 470.2 467.4 462.2 448.4 427.4 407.3 392.7 380.5 370.5 350.7 357.4 381.0 403.6 419.5 427.8 429.2 438.5 452.4 465.7 485.7 515.4 551.3 558.8 561.1 561.3 561.7 555.0 541.5 532.7 536.2 521.4 518.5 519.1 522.9 527.5 522.7 517.4 511.7 503.9 507.1 502.3 493.5 480.1 468.4 454.3 438.1 428.4 417.3 409.5 416.6 423.2 416.4 411.6 408.9 414.6 425.8 447.5 471.0 499.8 530.7 574.1 612.7 607.4 584.3
466.0 472.2 477.6 485.0 493.0 499.3 502.7 505.4 504.2 496.3 484.9 476.3 472.9 471.4 468.5 463.5 443.7 409.3 386.4 375.7 374.3 359.8 341.7 353.1 379.1 396.0 419.9 428.4 428.2 430.0 443.5 456.8 482.2 505.3 541.5 554.4 551.8 558.2 550.6 543.5 536.0 530.7 522.8 517.7 519.1 522.5 526.0 526.0 522.7 514.6 503.0 495.6 493.0 487.5 474.7 464.2 451.5 434.0 422.0 409.0 401.7 402.3 407.9 409.9 407.6 405.6 407.2 417.6 433.8 454.9 478.8 510.9 548.2 581.5 610.4 605.8 585.5
473.7 480.4 486.5 492.8 498.2 503.9 507.1 509.4 506.0 496.7 486.6 477.9 474.5 476.1 473.6 462.3 435.5 402.2 374.1 361.6 362.3 353.1 335.3 347.1 373.7 394.4 415.3 426.2 424.8 424.5 435.3 444.1 465.8 493.9 519.5 543.5 542.1 537.2 537.0 535.3 531.2 527.3 519.2 514.7 518.5 520.6 524.2 527.5 525.5 517.4 498.6 487.9 478.3 470.8 460.0 447.6 434.8 420.8 406.3 396.4 392.9 391.7 395.8 404.4 400.6 400.6 409.0 425.0 441.9 460.4 488.7 520.1 558.2 596.4 606.5 599.5 584.7
479.6 485.3 491.8 499.6 504.5 513.0 515.6 516.5 512.2 502.0 489.5 482.0 480.9 481.3 475.8 457.7 425.6 394.0 367.7 346.7 347.8 345.5 332.7 342.6 368.3 391.3 411.4 423.2 419.3 417.8 419.7 425.7 445.7 471.2 494.4 525.2 524.7 523.5 524.9 525.5 522.5 517.2 516.7 512.8 513.2 514.5 519.6 520.9 522.1 511.1 496.3 478.9 464.4 458.0 445.4 430.6 419.4 405.8 396.8 391.0 386.6 385.8 388.3 395.6 394.7 401.8 417.1 433.1 447.3 466.3 492.2 525.5 562.5 599.2 601.4 592.3 577.1
485.0 491.1 498.2 506.5 512.7 517.9 524.1 525.0 518.5 509.4 499.8 495.5 495.8 491.2 481.8 461.6 427.9 394.3 364.2 340.4 336.7 337.2 327.9 334.7 358.8 383.8 406.7 419.9 414.2 410.3 409.4 415.1 427.9 450.6 476.9 514.9 514.2 511.2 511.9 515.8 516.5 515.3 514.8 508.7 506.6 511.8 518.0 521.3 508.5 495.8 489.4 467.7 455.2 443.7 429.1 416.4 408.3 398.0 391.6 388.4 385.0 384.7 385.5 388.2 397.2 409.7 427.3 439.9 456.3 480.0 506.4 541.1 575.6 594.1 593.8 585.5 567.9
489.1 498.1 505.6 513.6 518.6 524.9 530.6 531.4 528.8 524.2 520.3 517.6 508.8 499.7 485.6 465.4 428.3 395.6 368.3 340.9 328.1 328.3 320.3 329.5 354.1 374.4 403.5 417.7 411.8 403.8 401.3 403.4 411.6 432.4 453.6 493.0 499.9 500.4 498.5 504.6 510.4 512.0 509.1 505.2 502.1 503.8 505.2 505.8 500.2 481.9 481.2 459.6 447.8 432.3 415.9 408.4 399.6 392.9 389.8 385.9 384.8 384.0 386.0 390.9 403.3 417.6 432.7 448.1 465.4 490.1 521.2 551.3 578.1 591.4 587.1 578.3 558.9
495.8 509.8 514.8 519.6 527.7 534.1 538.4 538.9 540.8 536.5 534.3 530.2 517.7 505.7 489.0 467.5 437.2 401.1 370.3 345.5 325.9 319.6 318.0 323.7 346.8 367.8 389.6 408.9 411.8 398.4 392.5 392.0 396.1 415.3 437.5 476.9 484.1 487.0 490.6 494.6 503.9 510.9 505.7 505.2 494.9 498.9 498.4 500.4 491.3 472.8 460.7 451.1 439.7 425.6 412.3 401.8 392.7 385.8 382.7 381.2 382.1 385.8 388.9 396.8 408.6 423.0 439.6 456.8 477.3 510.4 535.3 563.3 578.6 585.9 583.7 572.4 554.1
501.6 514.0 519.2 526.4 537.9 545.9 549.4 549.8 550.2 550.4 544.3 535.2 522.1 507.8 492.9 472.5 442.3 407.0 376.3 351.3 331.4 315.0 317.1 320.6 339.9 359.7 381.4 395.6 407.2 395.7 385.4 382.0 382.1 395.1 411.5 439.1 459.2 471.9 477.7 486.1 495.7 511.4 502.8 504.8 491.7 489.8 495.2 484.5 476.2 465.3 455.1 445.7 432.2 419.7 408.6 399.6 387.1 377.9 373.4 371.2 380.9 387.1 391.0 402.0 414.6 430.6 447.9 464.4 494.0 529.1 552.0 578.7 584.0 584.2 579.2 567.1 549.8
509.3 519.4 528.0 541.1 552.6 556.2 559.6 561.5 563.6 559.5 549.5 537.0 525.7 508.0 496.4 480.5 451.9 414.4 383.4 354.7 332.9 313.5 313.7 314.0 330.2 348.4 370.0 381.6 390.6 391.4 380.7 370.8 368.4 377.0 392.6 412.3 425.9 451.2 466.0 474.1 487.9 486.0 494.2 494.4 485.6 483.7 483.2 477.1 466.0 456.9 450.2 442.3 428.9 415.3 403.2 391.2 379.9 371.1 365.1 368.0 376.6 385.6 395.8 407.4 420.6 438.0 453.3 475.1 515.9 543.7 572.9 586.3 589.4 585.9 576.9 563.1 547.4
516.3 529.0 546.9 565.2 566.4 567.4 572.5 575.3 575.9 568.4 557.6 542.3 530.1 513.5 497.0 485.6 463.3 433.1 393.4 362.9 338.4 317.5 309.9 311.0 322.4 336.0 356.1 366.9 374.8 393.4 377.5 362.2 357.6 363.8 377.0 390.0 411.5 436.4 454.6 464.5 469.8 477.2 485.9 484.0 480.9 478.7 476.1 471.8 460.5 451.9 444.1 437.8 424.1 412.1 396.0 381.7 370.5 362.5 356.3 367.6 373.4 384.5 398.3 411.6 425.7 443.4 459.6 491.6 524.5 563.6 589.0 595.6 591.0 586.1 573.5 558.4 543.5
527.5 546.3 561.9 576.2 587.0 594.1 597.5 597.4 593.2 578.1 562.3 550.2 542.3 523.5 503.5 488.2 466.9 433.5 403.9 370.3 346.1 327.6 307.6 305.9 314.5 326.6 338.4 351.8 355.3 368.9 372.2 353.9 347.0 348.5 360.2 378.6 397.0 419.9 442.7 452.4 461.9 470.0 473.0 477.7 474.6 471.1 472.8 459.4 453.0 448.1 441.4 430.1 417.1 394.1 379.9 369.9 361.2 352.0 355.5 360.4 368.9 383.1 396.3 415.9 432.8 450.9 468.7 502.3 541.3 575.1 596.9 604.1 593.1 586.6 575.2 562.6 536.4
549.9 567.3 583.6 599.9 613.8 624.3 625.1 619.1 602.8 581.6 566.4 555.5 545.0 532.5 513.9 488.5 466.5 438.2 408.7 381.8 355.4 335.5 320.4 305.4 305.7 317.4 330.1 336.5 337.2 342.9 346.4 341.4 332.3 333.6 347.5 362.2 379.1 398.2 417.6 441.1 451.6 463.3 466.3 473.2 471.7 464.7 471.2 453.8 447.9 444.0 440.2 427.0 408.2 383.5 368.8 360.3 352.1 340.7 347.6 356.9 366.3 380.5 398.9 416.5 437.9 455.3 478.9 516.8 550.8 583.9 606.1 605.6 592.6 585.1 576.4 565.6 539.4
574.7 592.7 609.6 626.7 645.4 654.3 649.8 631.8 607.6 587.1 571.2 556.1 546.3 533.9 517.3 497.5 475.9 456.6 423.2 393.4 369.6 349.5 332.7 316.3 301.3 300.4 316.5 329.4 330.5 322.0 325.9 325.0 319.9 321.4 329.8 341.5 362.1 377.2 395.5 414.6 436.1 450.8 459.3 462.5 462.1 459.0 465.7 451.1 443.2 440.5 435.1 419.0 403.8 373.9 358.7 348.2 340.7 328.3 343.9 351.9 365.4 381.9 398.6 421.9 441.9 459.3 486.4 524.1 559.8 593.4 614.8 605.8 592.9 583.9 574.6 564.0 536.2
598.3 618.0 640.1 658.5 675.3 674.8 663.0 641.3 612.8 589.0 574.6 559.7 545.8 537.2 525.1 506.5 480.4 464.7 439.0 410.4 387.9 363.3 343.8 326.5 307.3 290.1 297.6 313.4 311.5 305.9 303.5 306.9 307.2 310.7 314.3 321.6 335.5 352.7 372.4 394.0 414.4 442.1 446.1 456.0 459.7 456.0 452.2 442.2 441.3 436.7 425.3 413.7 386.2 362.0 348.7 337.1 327.0 317.2 334.3 348.0 364.1 382.7 399.2 423.1 443.9 464.5 495.4 534.6 577.6 610.0 618.3 603.5 592.1 578.1 574.1 562.3 527.9
628.4 649.3 677.5 690.2 688.1 680.0 670.5 652.6 622.0 592.9 572.0 559.4 548.2 537.5 527.5 508.9 488.6 476.3 457.0 430.7 403.8 377.0 364.2 338.8 315.2 296.4 280.4 295.4 295.4 289.5 286.2 289.9 287.8 296.6 298.0 303.5 315.0 330.7 353.9 376.6 397.8 417.3 436.1 449.6 459.2 455.3 444.1 435.7 432.9 436.9 426.4 408.1 369.5 351.0 339.1 328.0 316.1 309.8 326.8 343.3 364.8 383.9 400.8 428.7 446.6 471.9 501.3 550.0 584.9 623.4 614.6 599.4 588.4 577.1 568.5 548.3 514.1
670.8 684.3 692.2 692.7 689.4 681.9 673.4 661.0 631.5 597.1 576.5 558.8 546.8 535.2 527.3 513.1 493.9 476.1 463.6 448.8 409.2 411.3 383.1 355.6 328.5 301.5 285.8 272.1 281.3 278.0 274.4 276.6 276.9 280.0 284.5 287.9 297.5 310.6 331.4 355.1 378.1 402.5 431.1 443.6 453.2 456.4 446.2 434.8 427.7 421.1 412.8 384.9 361.7 340.0 328.4 317.3 306.6 305.7 323.9 347.5 366.7 384.0 404.8 425.5 452.6 477.9 515.9 550.6 593.2 616.9 606.6 594.0 584.3 571.6 556.4 528.4 498.6
677.3 686.9 691.1 691.3 688.3 682.3 672.2 660.5 632.6 602.0 576.8 560.9 547.6 535.1 524.4 509.1 491.2 476.5 466.4 454.0 439.0 437.6 414.2 375.6 347.0 321.1 296.9 280.4 267.5 269.6 264.7 264.9 264.8 268.6 270.5 273.6 280.1 291.6 311.9 331.9 361.1 389.8 417.6 442.1 445.1 447.4 444.5 434.0 425.1 418.6 406.9 371.7 350.2 333.5 317.6 306.0 298.1 303.4 324.4 347.5 368.4 390.2 410.4 430.6 452.7 494.4 531.7 564.3 594.9 607.0 599.0 585.0 577.3 565.5 543.2 507.8 484.8
677.7 683.8 688.4 688.2 684.6 679.8 670.0 658.1 634.0 601.6 578.5 555.7 545.3 532.4 518.8 502.7 490.6 477.8 468.7 459.6 453.4 445.3 431.3 397.9 370.4 343.9 316.3 292.9 276.5 269.3 262.6 249.1 253.2 252.2 254.8 259.0 263.4 272.4 292.9 311.0 337.0 367.2 396.4 428.3 440.8 445.1 444.4 433.8 423.1 412.4 392.2 367.9 339.8 315.5 307.5 296.5 286.1 297.5 324.6 343.3 373.3 396.9 415.1 434.5 456.9 495.9 553.1 587.4 600.4 603.6 589.9 578.4 567.2 550.7 522.5 495.5 472.5
674.0 680.0 683.5 683.3 681.2 674.9 665.8 653.6 633.1 599.9 574.8 554.2 540.6 526.8 511.8 499.3 488.1 477.4 469.7 462.9 458.8 452.7 443.5 424.2 392.4 357.8 341.4 317.7 286.1 273.4 267.1 255.3 233.0 240.3 238.3 242.3 245.9 254.0 273.8 293.6 320.8 340.8 383.9 415.0 430.1 436.7 437.7 428.7 421.7 408.2 381.2 354.8 332.0 313.1 292.7 287.1 279.8 297.4 323.3 340.8 375.9 397.9 410.9 433.6 457.3 496.0 536.5 595.6 601.9 588.4 580.8 566.2 555.0 536.8 506.2 484.5 457.8
668.8 676.5 678.6 679.5 676.5 668.6 659.5 646.4 621.5 592.7 566.9 548.4 533.8 519.2 508.3 495.1 485.5 474.4 469.4 464.2 461.9 457.9 444.6 437.1 424.3 412.0 383.4 334.2 301.5 282.5 268.8 250.4 235.4 223.1 226.6 227.3 229.3 239.3 255.1 275.6 299.3 317.3 346.3 373.4 403.5 431.2 431.3 423.9 415.2 408.9 378.6 364.4 326.6 306.6 292.7 275.7 269.8 305.8 320.9 338.8 372.9 387.9 409.7 434.7 463.6 503.5 561.1 605.2 597.7 583.4 569.6 560.0 538.8 512.7 485.7 463.7 438.6
663.9 669.9 672.6 672.4 668.3 660.6 650.9 632.2 603.2 580.1 559.4 542.3 525.7 512.8 498.9 490.9 482.4 472.5 469.0 465.6 460.5 457.1 452.1 448.0 445.2 424.2 398.6 351.0 322.3 298.2 276.5 251.7 235.3 216.2 211.4 213.8 215.1 220.8 240.9 260.1 280.2 297.3 330.6 357.7 381.6 428.9 424.6 416.5 405.7 397.6 361.7 339.8 320.9 302.1 286.9 271.3 267.5 295.8 314.5 336.7 366.8 376.4 406.3 433.1 464.8 515.1 565.2 597.8 592.1 578.6 563.8 539.4 514.9 488.8 460.7 442.8 422.3
659.6 665.1 666.6 663.7 658.3 651.9 638.9 614.7 586.6 566.5 550.4 535.8 521.5 506.6 495.3 486.2 478.8 470.4 468.7 466.4 462.9 463.2 466.6 463.0 456.9 441.8 418.4 374.5 343.4 309.2 292.8 260.3 236.1 218.3 204.9 201.3 204.7 208.5 222.6 244.7 266.6 282.0 314.8 340.7 354.5 397.7 412.7 406.3 397.4 377.9 348.2 331.8 314.2 295.4 279.5 265.7 259.9 286.7 307.2 326.5 348.3 375.1 407.2 437.8 473.0 512.8 584.8 591.0 585.7 573.6 553.6 528.7 488.9 462.8 438.6 424.5 407.0
653.4 657.4 657.7 655.1 649.7 640.9 626.7 597.7 571.6 555.9 542.7 530.9 515.2 500.7 489.5 481.7 474.8 469.1 466.9 466.2 465.7 469.6 470.0 469.3 463.8 452.1 440.0 406.8 364.9 326.9 309.2 278.0 247.2 224.4 205.0 197.8 199.1 200.7 210.1 228.8 249.7 265.1 289.2 319.0 330.4 355.4 376.9 390.4 386.9 371.1 344.0 322.5 306.2 288.5 272.3 253.8 260.4 283.4 309.6 326.3 348.3 374.8 405.7 443.4 480.2 515.1 557.5 590.0 574.4 562.0 533.1 502.0 470.9 441.8 420.9 403.3 387.5
646.9 649.3 648.9 646.6 640.2 629.2 611.4 583.5 562.6 550.5 536.5 524.2 508.9 492.9 484.2 476.8 468.9 463.9 463.3 464.9 470.4 476.2 480.1 478.8 474.5 466.4 456.8 433.4 381.9 337.2 314.0 288.7 260.2 234.6 214.1 197.5 193.1 196.0 203.3 214.9 230.7 249.4 269.1 290.0 307.2 320.5 339.2 368.1 366.5 359.0 331.7 314.8 298.5 284.4 266.2 244.2 260.0 276.2 299.5 321.4 345.3 371.1 403.1 442.5 478.0 512.6 556.4 576.3 560.0 531.1 510.1 475.3 446.4 422.6 394.8 379.0 364.1
639.4 641.3 639.9 636.9 629.7 618.7 596.6 573.2 556.6 545.1 530.1 517.9 503.4 489.6 479.1 471.1 464.2 458.1 458.1 463.8 473.4 479.4 482.3 483.8 482.6 476.8 464.9 444.2 407.0 352.4 326.8 302.2 275.6 247.0 227.4 210.1 194.7 188.0 195.8 204.3 212.3 229.5 247.5 266.9 284.1 299.8 318.1 331.5 336.9 347.6 324.3 306.5 294.7 278.4 260.4 237.2 253.5 273.8 293.3 317.7 343.9 369.7 398.0 449.7 477.4 518.4 568.3 561.3 523.3 506.8 473.1 443.9 418.3 399.3 372.5 347.8 338.3
631.3 632.5 631.1 627.6 619.6 608.4 585.2 564.6 549.9 539.6 524.5 512.4 497.2 484.3 472.5 464.0 456.3 450.4 446.7 461.6 474.5 486.3 495.5 494.6 496.0 497.6 473.2 445.0 412.1 376.2 334.5 311.9 285.7 260.7 238.4 218.4 198.3 185.8 187.6 191.6 202.1 213.4 227.8 246.4 266.4 281.2 297.8 309.6 318.5 323.2 321.1 302.4 289.9 275.4 256.1 230.3 243.2 267.5 290.1 313.9 339.7 363.7 396.4 440.7 478.8 524.7 552.6 539.9 501.5 466.0 439.7 413.1 394.0 371.7 347.1 323.5 304.9
